# id,target
0.0000000000,0.5064512889
1.0000000000,0.1412584823
2.0000000000,0.1715571799
3.0000000000,0.5199124746
4.0000000000,0.3550498442
5.0000000000,0.1059108527
6.0000000000,0.5664668198
7.0000000000,0.6856370656
8.0000000000,0.0384231493
9.0000000000,0.2662654970
10.0000000000,0.1108518316
11.0000000000,0.5072070069
12.0000000000,0.3076302327
13.0000000000,0.3020278086
14.0000000000,0.3172277330
15.0000000000,0.2024226690
16.0000000000,0.3683264267
17.0000000000,0.1161899022
18.0000000000,0.4533825210
19.0000000000,0.3078034087
20.0000000000,0.2985050806
21.0000000000,0.0969263044
22.0000000000,0.1086845053
23.0000000000,0.1162169606
24.0000000000,0.2462024145
25.0000000000,0.1801458858
26.0000000000,0.0544935368
27.0000000000,0.5781011325
28.0000000000,0.7709676838
29.0000000000,0.3894159855
30.0000000000,0.3907657022
31.0000000000,0.1623069473
32.0000000000,0.1965931032
33.0000000000,0.0370987500
34.0000000000,0.2661255678
35.0000000000,0.2601061886
36.0000000000,0.6750556489
37.0000000000,0.3135645353
38.0000000000,0.2459783166
39.0000000000,0.4237855673
40.0000000000,0.2229662038
41.0000000000,0.2361372050
42.0000000000,0.4935945354
43.0000000000,0.1356057697
44.0000000000,0.2578846855
45.0000000000,0.4836052624
46.0000000000,0.1707289468
47.0000000000,0.4692105044
48.0000000000,0.5482452259
49.0000000000,0.3342024387
50.0000000000,0.2608454624
51.0000000000,0.5652615343
52.0000000000,0.0725525267
53.0000000000,0.6537507799
54.0000000000,0.2591775428
55.0000000000,0.4351127069
56.0000000000,0.3146160567
57.0000000000,0.1381383764
58.0000000000,0.1020599043
59.0000000000,0.0767163502
60.0000000000,0.2365499313
61.0000000000,0.3758146451
62.0000000000,0.2319494378
63.0000000000,0.6660544964
64.0000000000,0.0618536804
65.0000000000,0.4489108663
66.0000000000,0.5609247696
67.0000000000,0.1783835094
68.0000000000,0.0586031975
69.0000000000,0.1396898700
70.0000000000,0.2588628530
71.0000000000,0.2006844721
72.0000000000,0.2779545159
73.0000000000,0.0682854389
74.0000000000,0.2832109923
75.0000000000,0.1500215143
76.0000000000,0.3067606125
77.0000000000,0.0794467866
78.0000000000,0.1879053859
79.0000000000,0.3481080614
80.0000000000,0.2693410429
81.0000000000,0.2947062450
82.0000000000,0.1603499234
83.0000000000,0.0717354809
84.0000000000,0.2143539422
85.0000000000,0.0876954980
86.0000000000,0.4506406966
87.0000000000,0.0648755465
88.0000000000,0.4587155554
89.0000000000,0.1725149465
90.0000000000,0.1096558964
91.0000000000,0.1630497047
92.0000000000,0.1131698391
93.0000000000,0.2405288693
94.0000000000,0.2556477825
95.0000000000,0.1220185650
96.0000000000,0.2954412160
97.0000000000,0.4435368071
98.0000000000,0.1124384932
99.0000000000,0.5042532763
100.0000000000,0.1633475719
101.0000000000,0.2757122463
102.0000000000,0.2148801312
103.0000000000,0.0506286133
104.0000000000,0.3050502383
105.0000000000,0.3055711405
106.0000000000,0.0894168684
107.0000000000,0.0194403852
108.0000000000,0.2348299687
109.0000000000,0.6408762790
110.0000000000,0.6376217022
111.0000000000,0.4572870282
112.0000000000,0.1021969408
113.0000000000,0.6313019130
114.0000000000,0.4330739515
115.0000000000,0.0886580282
116.0000000000,0.4694666039
117.0000000000,0.1564557582
118.0000000000,0.6348941943
119.0000000000,0.4543566369
120.0000000000,0.4245586902
121.0000000000,0.1505269586
122.0000000000,0.2263430709
123.0000000000,0.7328555473
124.0000000000,0.1825071241
125.0000000000,0.0683243975
126.0000000000,0.1309572410
127.0000000000,0.3502386974
128.0000000000,0.3445309301
129.0000000000,0.0706029671
130.0000000000,0.6661747909
131.0000000000,0.7213513985
132.0000000000,0.1931075507
133.0000000000,0.2753590956
134.0000000000,0.1548090672
135.0000000000,0.2491378707
136.0000000000,0.3759944891
137.0000000000,0.3231821650
138.0000000000,0.6613900755
139.0000000000,0.5409008738
140.0000000000,0.1689677982
141.0000000000,0.4427282457
142.0000000000,0.2784809205
143.0000000000,0.5881223786
144.0000000000,0.3022307883
145.0000000000,0.4840664708
146.0000000000,0.2239454753
147.0000000000,0.3169875554
148.0000000000,0.3018621350
149.0000000000,0.2946118819
150.0000000000,0.1565529334
151.0000000000,0.0893409960
152.0000000000,0.4473621797
153.0000000000,0.2226636342
154.0000000000,0.1385713506
155.0000000000,0.3477859404
156.0000000000,0.0326706425
157.0000000000,0.5421977930
158.0000000000,0.5298964177
159.0000000000,0.2168626824
160.0000000000,0.2623815469
161.0000000000,0.1521871530
162.0000000000,0.3506179828
163.0000000000,0.1738164540
164.0000000000,0.6118034858
165.0000000000,0.1325681409
166.0000000000,0.6333215606
167.0000000000,0.4401064984
168.0000000000,0.1822041839
169.0000000000,0.8011941751
170.0000000000,0.3396007804
171.0000000000,0.6873216268
172.0000000000,0.3458686768
173.0000000000,0.1829442918
174.0000000000,0.1162234577
175.0000000000,0.2927017193
176.0000000000,0.2236131024
177.0000000000,0.3714147095
178.0000000000,0.4736846819
179.0000000000,0.3286155676
180.0000000000,0.2369552621
181.0000000000,0.3578186298
182.0000000000,0.2588999119
183.0000000000,0.0688354004
184.0000000000,0.5740129843
185.0000000000,0.7181933501
186.0000000000,0.2770918185
187.0000000000,0.1218713384
188.0000000000,0.3998783655
189.0000000000,0.4147930366
190.0000000000,0.0345174298
191.0000000000,0.3123592766
192.0000000000,0.5103457133
193.0000000000,0.5363665238
194.0000000000,0.2061045144
195.0000000000,0.1099260319
196.0000000000,0.2803436926
197.0000000000,0.7883734273
198.0000000000,0.5310012008
199.0000000000,0.6016856279
200.0000000000,0.3755526686
201.0000000000,0.2416236346
202.0000000000,0.0299819497
203.0000000000,0.1897712564
204.0000000000,0.3414615227
205.0000000000,0.3667979915
206.0000000000,0.4360725745
207.0000000000,0.6515363444
208.0000000000,0.3259541604
209.0000000000,0.3055878257
210.0000000000,0.2326347518
211.0000000000,0.3058417453
212.0000000000,0.2222328308
213.0000000000,0.5132952864
214.0000000000,0.1694556466
215.0000000000,0.4470852943
216.0000000000,0.2564060387
217.0000000000,0.2011462179
218.0000000000,0.0876529013
219.0000000000,0.4090030343
220.0000000000,0.1629491394
221.0000000000,0.1102194821
222.0000000000,0.2244566076
223.0000000000,0.1689442136
224.0000000000,0.1935631972
225.0000000000,0.1243457822
226.0000000000,0.3505774038
227.0000000000,0.1390892188
228.0000000000,0.4153351932
229.0000000000,0.1963901071
230.0000000000,0.2360642220
231.0000000000,0.1430197894
232.0000000000,0.2888128190
233.0000000000,0.1270301998
234.0000000000,0.1512887499
235.0000000000,0.2171380507
236.0000000000,0.2541514981
237.0000000000,0.2014685516
238.0000000000,0.5397178541
239.0000000000,0.8157869529
240.0000000000,0.3181912147
241.0000000000,0.0902930167
242.0000000000,0.4272765047
243.0000000000,0.2110606412
244.0000000000,0.2471192342
245.0000000000,0.3226706568
246.0000000000,0.3014425849
247.0000000000,0.2353126913
248.0000000000,0.6052301612
249.0000000000,0.1292398349
250.0000000000,0.2200527094
251.0000000000,0.4186759338
252.0000000000,0.4168169260
253.0000000000,0.2361673929
254.0000000000,0.0784698951
255.0000000000,0.1221501182
256.0000000000,0.1212332196
257.0000000000,0.3045249674
258.0000000000,0.2385780980
259.0000000000,0.6810406554
260.0000000000,0.1328736557
261.0000000000,0.1987489913
262.0000000000,0.3063176397
263.0000000000,0.2684957500
264.0000000000,0.3015430351
265.0000000000,0.3168545058
266.0000000000,0.0989350729
267.0000000000,0.1406231651
268.0000000000,0.3209075898
269.0000000000,0.2700973405
270.0000000000,0.1865865525
271.0000000000,0.5666108326
272.0000000000,0.2648891663
273.0000000000,0.4083769815
274.0000000000,0.5081483492
275.0000000000,0.5663696385
276.0000000000,0.1837205602
277.0000000000,0.0707443147
278.0000000000,0.0808724603
279.0000000000,0.0889950209
280.0000000000,0.1379429760
281.0000000000,0.4626324370
282.0000000000,0.0966828103
283.0000000000,0.3639108602
284.0000000000,0.0559111709
285.0000000000,0.1168673796
286.0000000000,0.6386926452
287.0000000000,0.1663319972
288.0000000000,0.1227493503
289.0000000000,0.1748467381
290.0000000000,0.8109376766
291.0000000000,0.2132025516
292.0000000000,0.2634464018
293.0000000000,0.4107548849
294.0000000000,0.1858013365
295.0000000000,0.1535258907
296.0000000000,0.7406417260
297.0000000000,0.1586987017
298.0000000000,0.2362054596
299.0000000000,0.1242326169
300.0000000000,0.1727854559
301.0000000000,0.1422961898
302.0000000000,0.2588703300
303.0000000000,0.2380353373
304.0000000000,0.2749151135
305.0000000000,0.2414552168
306.0000000000,0.2881028901
307.0000000000,0.3065211070
308.0000000000,0.1657974583
309.0000000000,0.6212234890
310.0000000000,0.2595934423
311.0000000000,0.1231629662
312.0000000000,0.0625883691
313.0000000000,0.2048231753
314.0000000000,0.1503090681
315.0000000000,0.3554495817
316.0000000000,0.3005736969
317.0000000000,0.5286737310
318.0000000000,0.5512561230
319.0000000000,0.1069004133
320.0000000000,0.4055731554
321.0000000000,0.3290733997
322.0000000000,0.2621185161
323.0000000000,0.1148884686
324.0000000000,0.0828523014
325.0000000000,0.2070767446
326.0000000000,0.3008426865
327.0000000000,0.4752337748
328.0000000000,0.3073337026
329.0000000000,0.6167362907
330.0000000000,0.0704735668
331.0000000000,0.3584147271
332.0000000000,0.4837726989
333.0000000000,0.4071314384
334.0000000000,0.2496046630
335.0000000000,0.4061132579
336.0000000000,0.5445196744
337.0000000000,0.3016160830
338.0000000000,0.4288688800
339.0000000000,0.3856728418
340.0000000000,0.2775610530
341.0000000000,0.1485501285
342.0000000000,0.5194384256
343.0000000000,0.2492896866
344.0000000000,0.3825130970
345.0000000000,0.0999544783
346.0000000000,0.5242843878
347.0000000000,0.2050553529
348.0000000000,0.2413760240
349.0000000000,0.2290254987
350.0000000000,0.3025891782
351.0000000000,0.1674716341
352.0000000000,0.2377616536
353.0000000000,0.4112756868
354.0000000000,0.3705185078
355.0000000000,0.8074203817
356.0000000000,0.1669050274
357.0000000000,0.0737220553
358.0000000000,0.1792105686
359.0000000000,0.3077249443
360.0000000000,0.1970942149
361.0000000000,0.1496957749
362.0000000000,0.4314553163
363.0000000000,0.2224703590
364.0000000000,0.0557027267
365.0000000000,0.7663369198
366.0000000000,0.3531763523
367.0000000000,0.6018146968
368.0000000000,0.3585032117
369.0000000000,0.0939145638
370.0000000000,0.2530019634
371.0000000000,0.2774386307
372.0000000000,0.4735229260
373.0000000000,0.2906894628
374.0000000000,0.3044665654
375.0000000000,0.4362550172
376.0000000000,0.3490086521
377.0000000000,0.4894666808
378.0000000000,0.0517870953
379.0000000000,0.2939085236
380.0000000000,0.4003053043
381.0000000000,0.5167719849
382.0000000000,0.4469060162
383.0000000000,0.3849851693
384.0000000000,0.2906897591
385.0000000000,0.3547788608
386.0000000000,0.0527924771
387.0000000000,0.4358916409
388.0000000000,0.3691954549
389.0000000000,0.3624890962
390.0000000000,0.3465468990
391.0000000000,0.1549827462
392.0000000000,0.0997757012
393.0000000000,0.1430052933
394.0000000000,0.5895399642
395.0000000000,0.2490223100
396.0000000000,0.2471459170
397.0000000000,0.3367073350
398.0000000000,0.2661442549
399.0000000000,0.3543547348
400.0000000000,0.5075984941
401.0000000000,0.0950366428
402.0000000000,0.1408178861
403.0000000000,0.2914416892
404.0000000000,0.3549977125
405.0000000000,0.4533056169
406.0000000000,0.4594477545
407.0000000000,0.4199727359
408.0000000000,0.3789172057
409.0000000000,0.5560215118
410.0000000000,0.3252735220
411.0000000000,0.1522344485
412.0000000000,0.5010366440
413.0000000000,0.1065505930
414.0000000000,0.2674010152
415.0000000000,0.1639780151
416.0000000000,0.3330073473
417.0000000000,0.3918007990
418.0000000000,0.4192495878
419.0000000000,0.4803835318
420.0000000000,0.6321601940
421.0000000000,0.2175916864
422.0000000000,0.7260621841
423.0000000000,0.2645151033
424.0000000000,0.3434395856
425.0000000000,0.2139983617
426.0000000000,0.0906940422
427.0000000000,0.2001664210
428.0000000000,0.1960478107
429.0000000000,0.6271686748
430.0000000000,0.0854784123
431.0000000000,0.3510013128
432.0000000000,0.5246592906
433.0000000000,0.1583121111
434.0000000000,0.3113283471
435.0000000000,0.1649023091
436.0000000000,0.2149230831
437.0000000000,0.0927242598
438.0000000000,0.2367794346
439.0000000000,0.3549063584
440.0000000000,0.0495638075
441.0000000000,0.1035088086
442.0000000000,0.2231049494
443.0000000000,0.2861043578
444.0000000000,0.2363604049
445.0000000000,0.1607750418
446.0000000000,0.2637216808
447.0000000000,0.3187644864
448.0000000000,0.0783546133
449.0000000000,0.2625565834
450.0000000000,0.1465820948
451.0000000000,0.2759101085
452.0000000000,0.4398228303
453.0000000000,0.3278164241
454.0000000000,0.3551598132
455.0000000000,0.4333343722
456.0000000000,0.6436513865
457.0000000000,0.1128209024
458.0000000000,0.5472649053
459.0000000000,0.4048460403
460.0000000000,0.1020744229
461.0000000000,0.6904535629
462.0000000000,0.3459276633
463.0000000000,0.3529269076
464.0000000000,0.7278536160
465.0000000000,0.4368461854
466.0000000000,0.0737072324
467.0000000000,0.3463058284
468.0000000000,0.2294873539
469.0000000000,0.4203225836
470.0000000000,0.1642865935
471.0000000000,0.3079378010
472.0000000000,0.3554033177
473.0000000000,0.3728222205
474.0000000000,0.7912909472
475.0000000000,0.3017079896
476.0000000000,0.1332434862
477.0000000000,0.0786826595
478.0000000000,0.0752061954
479.0000000000,0.0725414463
480.0000000000,0.3264626455
481.0000000000,0.6773045536
482.0000000000,0.5533021926
483.0000000000,0.4517964233
484.0000000000,0.1800755928
485.0000000000,0.0745564139
486.0000000000,0.3621402238
487.0000000000,0.0557106833
488.0000000000,0.1821973705
489.0000000000,0.0733866275
490.0000000000,0.4726843720
491.0000000000,0.0943718668
492.0000000000,0.1728794810
493.0000000000,0.3071806435
494.0000000000,0.4228736259
495.0000000000,0.1728383137
496.0000000000,0.1918870434
497.0000000000,0.2140150619
498.0000000000,0.2100878106
499.0000000000,0.4007458840
500.0000000000,0.0397965054
501.0000000000,0.3805298726
502.0000000000,0.4087612195
503.0000000000,0.2306654472
504.0000000000,0.1119856351
505.0000000000,0.3675382819
506.0000000000,0.4956443585
507.0000000000,0.1196225209
508.0000000000,0.8319745325
509.0000000000,0.0620828573
510.0000000000,0.1760414455
511.0000000000,0.2082711805
512.0000000000,0.4445289051
513.0000000000,0.1218382434
514.0000000000,0.2104123029
515.0000000000,0.0565806927
516.0000000000,0.3560407144
517.0000000000,0.2223186414
518.0000000000,0.0530103385
519.0000000000,0.1437432774
520.0000000000,0.3312210359
521.0000000000,0.5787091012
522.0000000000,0.1063858321
523.0000000000,0.1422613794
524.0000000000,0.1826877912
525.0000000000,0.4744353895
526.0000000000,0.4065132756
527.0000000000,0.3591941130
528.0000000000,0.2014258706
529.0000000000,0.1806528394
530.0000000000,0.4964173212
531.0000000000,0.3219892559
532.0000000000,0.2839767215
533.0000000000,0.3395715892
534.0000000000,0.1977653599
535.0000000000,0.1847094936
536.0000000000,0.0930046469
537.0000000000,0.2879902648
538.0000000000,0.1240169465
539.0000000000,0.1383594990
540.0000000000,0.1378393740
541.0000000000,0.2410263312
542.0000000000,0.0898469239
543.0000000000,0.0429735845
544.0000000000,0.0475482938
545.0000000000,0.3574372821
546.0000000000,0.1464019408
547.0000000000,0.3738035267
548.0000000000,0.3873681557
549.0000000000,0.2671697409
550.0000000000,0.1564034202
551.0000000000,0.2210658665
552.0000000000,0.1138604795
553.0000000000,0.1458601353
554.0000000000,0.2364850356
555.0000000000,0.4359975524
556.0000000000,0.4472179705
557.0000000000,0.4691498472
558.0000000000,0.0926335277
559.0000000000,0.4408156293
560.0000000000,0.1125790274
561.0000000000,0.1183565914
562.0000000000,0.4255783289
563.0000000000,0.0290545576
564.0000000000,0.0444027324
565.0000000000,0.4021548455
566.0000000000,0.1016534223
567.0000000000,0.1756949146
568.0000000000,0.1681265421
569.0000000000,0.4912104653
570.0000000000,0.1399770298
571.0000000000,0.2498303366
572.0000000000,0.1966056381
573.0000000000,0.7479227774
574.0000000000,0.6540261084
575.0000000000,0.3925144112
576.0000000000,0.2843953772
577.0000000000,0.1292124507
578.0000000000,0.2456164537
579.0000000000,0.2590828241
580.0000000000,0.3186810040
581.0000000000,0.3529534604
582.0000000000,0.1646068452
583.0000000000,0.5817302422
584.0000000000,0.4515927658
585.0000000000,0.4708331890
586.0000000000,0.1356945101
587.0000000000,0.1554798162
588.0000000000,0.3322543892
589.0000000000,0.1132105077
590.0000000000,0.0685875835
591.0000000000,0.1149194264
592.0000000000,0.1842020714
593.0000000000,0.3159977814
594.0000000000,0.2270417980
595.0000000000,0.4216402605
596.0000000000,0.2444007156
597.0000000000,0.8181700556
598.0000000000,0.2602444319
599.0000000000,0.2126692977
600.0000000000,0.2918850184
601.0000000000,0.4429606504
602.0000000000,0.5470221968
603.0000000000,0.0993509742
604.0000000000,0.1848521677
605.0000000000,0.7235107341
606.0000000000,0.5579387089
607.0000000000,0.2299081823
608.0000000000,0.1595106734
609.0000000000,0.1465621912
610.0000000000,0.3498010786
611.0000000000,0.1510231893
612.0000000000,0.4386483291
613.0000000000,0.2076374326
614.0000000000,0.1727350976
615.0000000000,0.4436707610
616.0000000000,0.1352132958
617.0000000000,0.4740631502
618.0000000000,0.2264273731
619.0000000000,0.6758066655
620.0000000000,0.3395888867
621.0000000000,0.2231604968
622.0000000000,0.1271874265
623.0000000000,0.2121249336
624.0000000000,0.5348276249
625.0000000000,0.2790755995
626.0000000000,0.1387784919
627.0000000000,0.4378468464
628.0000000000,0.3180043473
629.0000000000,0.5116062763
630.0000000000,0.1126484184
631.0000000000,0.1330823110
632.0000000000,0.7049407350
633.0000000000,0.1638358043
634.0000000000,0.1266894522
635.0000000000,0.2457495855
636.0000000000,0.4173731775
637.0000000000,0.2413028825
638.0000000000,0.1570079571
639.0000000000,0.1417553147
640.0000000000,0.3872716530
641.0000000000,0.0579866007
642.0000000000,0.3239725496
643.0000000000,0.5237164025
644.0000000000,0.1395119622
645.0000000000,0.1117292940
646.0000000000,0.3727401685
647.0000000000,0.2233334627
648.0000000000,0.2606875323
649.0000000000,0.1967772649
650.0000000000,0.5005607796
651.0000000000,0.1514580767
652.0000000000,0.2794086055
653.0000000000,0.1798422998
654.0000000000,0.2327998822
655.0000000000,0.1686405637
656.0000000000,0.0998486889
657.0000000000,0.5002639853
658.0000000000,0.4141170909
659.0000000000,0.4574272564
660.0000000000,0.2050649694
661.0000000000,0.2582983031
662.0000000000,0.1412531481
663.0000000000,0.0775207236
664.0000000000,0.6141269491
665.0000000000,0.4703346117
666.0000000000,0.1110167671
667.0000000000,0.3151462708
668.0000000000,0.0905223408
669.0000000000,0.0692192932
670.0000000000,0.3078501379
671.0000000000,0.1806920505
672.0000000000,0.6763557159
673.0000000000,0.1743788571
674.0000000000,0.3482597164
675.0000000000,0.2643906826
676.0000000000,0.2189252150
677.0000000000,0.0621555212
678.0000000000,0.5868267019
679.0000000000,0.3887134145
680.0000000000,0.5080736143
681.0000000000,0.4080355697
682.0000000000,0.1358765718
683.0000000000,0.7400417349
684.0000000000,0.1898924225
685.0000000000,0.6592092540
686.0000000000,0.4575005575
687.0000000000,0.5303989000
688.0000000000,0.1927568489
689.0000000000,0.4744494772
690.0000000000,0.2350712835
691.0000000000,0.2039503026
692.0000000000,0.1620658362
693.0000000000,0.3768510202
694.0000000000,0.3694589094
695.0000000000,0.5047951711
696.0000000000,0.4453522596
697.0000000000,0.4533530542
698.0000000000,0.1160024842
699.0000000000,0.2535617684
700.0000000000,0.1160844402
701.0000000000,0.1378961274
702.0000000000,0.2762673085
703.0000000000,0.1749092909
704.0000000000,0.6043882788
705.0000000000,0.1126405193
706.0000000000,0.3157719855
707.0000000000,0.1256840142
708.0000000000,0.1872468706
709.0000000000,0.3160037032
710.0000000000,0.1731774603
711.0000000000,0.0929394466
712.0000000000,0.7237417211
713.0000000000,0.5716432155
714.0000000000,0.2514359826
715.0000000000,0.4495895207
716.0000000000,0.1788110833
717.0000000000,0.4534723199
718.0000000000,0.3644479031
719.0000000000,0.0835653856
720.0000000000,0.2052229820
721.0000000000,0.5842163005
722.0000000000,0.2658655568
723.0000000000,0.1570269747
724.0000000000,0.3120299385
725.0000000000,0.0605875170
726.0000000000,0.1715708573
727.0000000000,0.1709200601
728.0000000000,0.2094816292
729.0000000000,0.4822635572
730.0000000000,0.1741084914
731.0000000000,0.1535568154
732.0000000000,0.7834134482
733.0000000000,0.2824036092
734.0000000000,0.3075854794
735.0000000000,0.0987449018
736.0000000000,0.2197041055
737.0000000000,0.1096983229
738.0000000000,0.1237951024
739.0000000000,0.3801295394
740.0000000000,0.5153004051
741.0000000000,0.0945381307
742.0000000000,0.3908966751
743.0000000000,0.2612341834
744.0000000000,0.1782990577
745.0000000000,0.2019233014
746.0000000000,0.2308808694
747.0000000000,0.2807300297
748.0000000000,0.1879833429
749.0000000000,0.6377525239
750.0000000000,0.4508078675
751.0000000000,0.2209078592
752.0000000000,0.0971750517
753.0000000000,0.2506832028
754.0000000000,0.2408375801
755.0000000000,0.2457993977
756.0000000000,0.0963613328
757.0000000000,0.2689088351
758.0000000000,0.1244074896
759.0000000000,0.1521352695
760.0000000000,0.4512196315
761.0000000000,0.6887639271
762.0000000000,0.2322150324
763.0000000000,0.0919484151
764.0000000000,0.1937899239
765.0000000000,0.4288485477
766.0000000000,0.2904811363
767.0000000000,0.2647062437
768.0000000000,0.2893227847
769.0000000000,0.1123070966
770.0000000000,0.6745659282
771.0000000000,0.3704896135
772.0000000000,0.5002977666
773.0000000000,0.1447320228
774.0000000000,0.1011811312
775.0000000000,0.1731287083
776.0000000000,0.2102483678
777.0000000000,0.4055950600
778.0000000000,0.1388174772
779.0000000000,0.3172998726
780.0000000000,0.4445571502
781.0000000000,0.1275965149
782.0000000000,0.2176093829
783.0000000000,0.2252171324
784.0000000000,0.5147489179
785.0000000000,0.5466778448
786.0000000000,0.0646961744
787.0000000000,0.5561160566
788.0000000000,0.0682868550
789.0000000000,0.5998897826
790.0000000000,0.4199354322
791.0000000000,0.1603896737
792.0000000000,0.3255769241
793.0000000000,0.1637785335
794.0000000000,0.5345665554
795.0000000000,0.2426501540
796.0000000000,0.5091741262
797.0000000000,0.5806142102
798.0000000000,0.0490559773
799.0000000000,0.0743329297
800.0000000000,0.3334311312
801.0000000000,0.3176923715
802.0000000000,0.0990219852
803.0000000000,0.5418869601
804.0000000000,0.3826389114
805.0000000000,0.1100232028
806.0000000000,0.1961235452
807.0000000000,0.2919083427
808.0000000000,0.4055440334
809.0000000000,0.5178286237
810.0000000000,0.1858004515
811.0000000000,0.3331143226
812.0000000000,0.2272494821
813.0000000000,0.4857004900
814.0000000000,0.2675282860
815.0000000000,0.1395446518
816.0000000000,0.3131913209
817.0000000000,0.1356705690
818.0000000000,0.4746019604
819.0000000000,0.2951237255
820.0000000000,0.1693358417
821.0000000000,0.8784524395
822.0000000000,0.1189427488
823.0000000000,0.6790627661
824.0000000000,0.0518657968
825.0000000000,0.0639532742
826.0000000000,0.4736303990
827.0000000000,0.1200508042
828.0000000000,0.3233982057
829.0000000000,0.2335275879
830.0000000000,0.2644417032
831.0000000000,0.3241017165
832.0000000000,0.1649157089
833.0000000000,0.5352510620
834.0000000000,0.1772315251
835.0000000000,0.2055751154
836.0000000000,0.1606575302
837.0000000000,0.0666622000
838.0000000000,0.2724875731
839.0000000000,0.7386107893
840.0000000000,0.2401019700
841.0000000000,0.1184866138
842.0000000000,0.7112841452
843.0000000000,0.5866785496
844.0000000000,0.3532003736
845.0000000000,0.2384931951
846.0000000000,0.1845419896
847.0000000000,0.6325361974
848.0000000000,0.4535179960
849.0000000000,0.4127147081
850.0000000000,0.1507991396
851.0000000000,0.1227669328
852.0000000000,0.6034664293
853.0000000000,0.4297637647
854.0000000000,0.2635029984
855.0000000000,0.1773937565
856.0000000000,0.2820836932
857.0000000000,0.1173015382
858.0000000000,0.1171022255
859.0000000000,0.1114436741
860.0000000000,0.4691802649
861.0000000000,0.2966931996
862.0000000000,0.3061775296
863.0000000000,0.1143509952
864.0000000000,0.2636381422
865.0000000000,0.1060169381
866.0000000000,0.5315032577
867.0000000000,0.3336335169
868.0000000000,0.0731840956
869.0000000000,0.4492000993
870.0000000000,0.4965707746
871.0000000000,0.2877780497
872.0000000000,0.1061120705
873.0000000000,0.2985541222
874.0000000000,0.1637188516
875.0000000000,0.1202207956
876.0000000000,0.2007393028
877.0000000000,0.1293777651
878.0000000000,0.1189492924
879.0000000000,0.4790187353
880.0000000000,0.2904928023
881.0000000000,0.3502534052
882.0000000000,0.1663627824
883.0000000000,0.1900874117
884.0000000000,0.1770303398
885.0000000000,0.1104929256
886.0000000000,0.4820196233
887.0000000000,0.0803614210
888.0000000000,0.2310785119
889.0000000000,0.1240647998
890.0000000000,0.1151852194
891.0000000000,0.5228596346
892.0000000000,0.3234632010
893.0000000000,0.0906954954
894.0000000000,0.2370512387
895.0000000000,0.1127748926
896.0000000000,0.1058976238
897.0000000000,0.2776959905
898.0000000000,0.3217613556
899.0000000000,0.5183304214
900.0000000000,0.2757965221
901.0000000000,0.6035738220
902.0000000000,0.2496835883
903.0000000000,0.3217970142
904.0000000000,0.1096240118
905.0000000000,0.2649339604
906.0000000000,0.3135483228
907.0000000000,0.2962847978
908.0000000000,0.2967123858
909.0000000000,0.4121570974
910.0000000000,0.3511754286
911.0000000000,0.4085939767
912.0000000000,0.3833420506
913.0000000000,0.5008008733
914.0000000000,0.5097664178
915.0000000000,0.4960059160
916.0000000000,0.5879573044
917.0000000000,0.3946351254
918.0000000000,0.3223783719
919.0000000000,0.2831187990
920.0000000000,0.5025892617
921.0000000000,0.3403530616
922.0000000000,0.6643112957
923.0000000000,0.3492707354
924.0000000000,0.2600754375
925.0000000000,0.4317947161
926.0000000000,0.4273015832
927.0000000000,0.2083870589
928.0000000000,0.2227669225
929.0000000000,0.3375613664
930.0000000000,0.1511821368
931.0000000000,0.1794290789
932.0000000000,0.1757611008
933.0000000000,0.3742756392
934.0000000000,0.0568670077
935.0000000000,0.1995929677
936.0000000000,0.0748702599
937.0000000000,0.3815510930
938.0000000000,0.2944857505
939.0000000000,0.3567022807
940.0000000000,0.2525021449
941.0000000000,0.4158774907
942.0000000000,0.0670823946
943.0000000000,0.4618974165
944.0000000000,0.5526580934
945.0000000000,0.3197590045
946.0000000000,0.1612061973
947.0000000000,0.3416847243
948.0000000000,0.1451850475
949.0000000000,0.1028180003
950.0000000000,0.1454037032
951.0000000000,0.5327616839
952.0000000000,0.1003478234
953.0000000000,0.6275702026
954.0000000000,0.1605139228
955.0000000000,0.6315855303
956.0000000000,0.0779372161
957.0000000000,0.1565875177
958.0000000000,0.3231442399
959.0000000000,0.0987881892
960.0000000000,0.4718106471
961.0000000000,0.1335186368
962.0000000000,0.3515003687
963.0000000000,0.3043035123
964.0000000000,0.0598264136
965.0000000000,0.1479745149
966.0000000000,0.2144546195
967.0000000000,0.4416440391
968.0000000000,0.2609705305
969.0000000000,0.5600848510
970.0000000000,0.1557411907
971.0000000000,0.3148743259
972.0000000000,0.0990341261
973.0000000000,0.5151143801
974.0000000000,0.3198595748
975.0000000000,0.2310574394
976.0000000000,0.5137523703
977.0000000000,0.1378790129
978.0000000000,0.1992454301
979.0000000000,0.2882519464
980.0000000000,0.1402293862
981.0000000000,0.3435548309
982.0000000000,0.5279952840
983.0000000000,0.1785780197
984.0000000000,0.0517594094
985.0000000000,0.3991376012
986.0000000000,0.0488823123
987.0000000000,0.0643051711
988.0000000000,0.1825060472
989.0000000000,0.2917500374
990.0000000000,0.1187746378
991.0000000000,0.5228929560
992.0000000000,0.2312003001
993.0000000000,0.4566166304
994.0000000000,0.1908065364
995.0000000000,0.2415442261
996.0000000000,0.0970707219
997.0000000000,0.7485238655
998.0000000000,0.4474399069
999.0000000000,0.4100515336
1000.0000000000,0.0771883226
1001.0000000000,0.4779317206
1002.0000000000,0.2801961202
1003.0000000000,0.3099638557
1004.0000000000,0.1505111587
1005.0000000000,0.5076430147
1006.0000000000,0.1039138305
1007.0000000000,0.2150547216
1008.0000000000,0.1989030069
1009.0000000000,0.5119900561
1010.0000000000,0.3680630922
1011.0000000000,0.1989060935
1012.0000000000,0.2917421925
1013.0000000000,0.0899618060
1014.0000000000,0.5057154904
1015.0000000000,0.6578267102
1016.0000000000,0.3067603305
1017.0000000000,0.1345088104
1018.0000000000,0.1348547557
1019.0000000000,0.5141574978
1020.0000000000,0.1209075005
1021.0000000000,0.1115563465
1022.0000000000,0.4415609466
1023.0000000000,0.7266631353
1024.0000000000,0.2060719441
1025.0000000000,0.3510732737
1026.0000000000,0.2676209187
1027.0000000000,0.0539958679
1028.0000000000,0.5201748940
1029.0000000000,0.0569100051
1030.0000000000,0.5707663303
1031.0000000000,0.0717835784
1032.0000000000,0.4520949969
1033.0000000000,0.2567241132
1034.0000000000,0.4166078332
1035.0000000000,0.1890603976
1036.0000000000,0.0605740246
1037.0000000000,0.3486830441
1038.0000000000,0.1272562924
1039.0000000000,0.1264877826
1040.0000000000,0.3671687420
1041.0000000000,0.3627007205
1042.0000000000,0.2417151278
1043.0000000000,0.3716137734
1044.0000000000,0.1821242159
1045.0000000000,0.2302110743
1046.0000000000,0.4456204416
1047.0000000000,0.1200233963
1048.0000000000,0.0768451893
1049.0000000000,0.3374842469
1050.0000000000,0.0762212766
1051.0000000000,0.1443646271
1052.0000000000,0.2494371246
1053.0000000000,0.3500424348
1054.0000000000,0.2437393096
1055.0000000000,0.1020440373
1056.0000000000,0.6720644597
1057.0000000000,0.1507365038
1058.0000000000,0.1842710226
1059.0000000000,0.2464487494
1060.0000000000,0.4893021303
1061.0000000000,0.6877131301
1062.0000000000,0.1281250738
1063.0000000000,0.1903888957
1064.0000000000,0.1867744811
1065.0000000000,0.3208431142
1066.0000000000,0.2913735055
1067.0000000000,0.1827128225
1068.0000000000,0.2176064792
1069.0000000000,0.3950889902
1070.0000000000,0.3845253670
1071.0000000000,0.0790855177
1072.0000000000,0.3944717341
1073.0000000000,0.0143101024
1074.0000000000,0.1633816920
1075.0000000000,0.0791169117
1076.0000000000,0.1961869536
1077.0000000000,0.2056315263
1078.0000000000,0.2220251067
1079.0000000000,0.1767261136
1080.0000000000,0.3624767383
1081.0000000000,0.0998709684
1082.0000000000,0.2760118206
1083.0000000000,0.2007249993
1084.0000000000,0.5497636637
1085.0000000000,0.5078401849
1086.0000000000,0.3040530372
1087.0000000000,0.0842312161
1088.0000000000,0.5349718979
1089.0000000000,0.3401547041
1090.0000000000,0.0974048196
1091.0000000000,0.1540246231
1092.0000000000,0.0642833772
1093.0000000000,0.2446498188
1094.0000000000,0.1186931777
1095.0000000000,0.4771536495
1096.0000000000,0.1157566071
1097.0000000000,0.2154905551
1098.0000000000,0.4019850809
1099.0000000000,0.2521377449
1100.0000000000,0.7035966986
1101.0000000000,0.2452529112
1102.0000000000,0.1065655985
1103.0000000000,0.2615713717
1104.0000000000,0.6386675643
1105.0000000000,0.3862166493
1106.0000000000,0.6310403207
1107.0000000000,0.3348790258
1108.0000000000,0.3802713616
1109.0000000000,0.3406146971
1110.0000000000,0.1644832811
1111.0000000000,0.7060394716
1112.0000000000,0.5333089831
1113.0000000000,0.3417431182
1114.0000000000,0.3389528073
1115.0000000000,0.6626679650
1116.0000000000,0.1525199002
1117.0000000000,0.2427720419
1118.0000000000,0.6149420654
1119.0000000000,0.7265792234
1120.0000000000,0.0654023090
1121.0000000000,0.6285633949
1122.0000000000,0.1943560845
1123.0000000000,0.3143300364
1124.0000000000,0.3699642319
1125.0000000000,0.3358626351
1126.0000000000,0.4017602923
1127.0000000000,0.3807876976
1128.0000000000,0.4363636276
1129.0000000000,0.2673136718
1130.0000000000,0.0846024285
1131.0000000000,0.3284458967
1132.0000000000,0.5505377532
1133.0000000000,0.0411408364
1134.0000000000,0.5353218476
1135.0000000000,0.2519091302
1136.0000000000,0.4418698922
1137.0000000000,0.2315315332
1138.0000000000,0.2512483316
1139.0000000000,0.2221206702
1140.0000000000,0.2353272373
1141.0000000000,0.7442255332
1142.0000000000,0.1662486659
1143.0000000000,0.4681806284
1144.0000000000,0.0516088962
1145.0000000000,0.3429614269
1146.0000000000,0.2100357750
1147.0000000000,0.1233710041
1148.0000000000,0.0648920175
1149.0000000000,0.1040333073
1150.0000000000,0.0599707723
1151.0000000000,0.0744672113
1152.0000000000,0.2366064255
1153.0000000000,0.2257207278
1154.0000000000,0.5733574987
1155.0000000000,0.3036971630
1156.0000000000,0.1473979121
1157.0000000000,0.4636034294
1158.0000000000,0.1846951182
1159.0000000000,0.4792442011
1160.0000000000,0.0707995895
1161.0000000000,0.5164636098
1162.0000000000,0.3601262525
1163.0000000000,0.0892177212
1164.0000000000,0.2851212003
1165.0000000000,0.3710603999
1166.0000000000,0.3680156476
1167.0000000000,0.5848267957
1168.0000000000,0.3659860424
1169.0000000000,0.3737268112
1170.0000000000,0.1831745637
1171.0000000000,0.3631872053
1172.0000000000,0.3430356306
1173.0000000000,0.4128335003
1174.0000000000,0.7358262002
1175.0000000000,0.7772484947
1176.0000000000,0.1572769387
1177.0000000000,0.3711801346
1178.0000000000,0.8779242729
1179.0000000000,0.1367469335
1180.0000000000,0.4850945755
1181.0000000000,0.7244113332
1182.0000000000,0.1228225584
1183.0000000000,0.4157597658
1184.0000000000,0.0649284754
1185.0000000000,0.4199880515
1186.0000000000,0.7113332775
1187.0000000000,0.1494218888
1188.0000000000,0.1282325735
1189.0000000000,0.3625631321
1190.0000000000,0.3577030467
1191.0000000000,0.2751046462
1192.0000000000,0.3631415303
1193.0000000000,0.3913631132
1194.0000000000,0.1493338608
1195.0000000000,0.1622225113
1196.0000000000,0.1147922933
1197.0000000000,0.3541757932
1198.0000000000,0.6841866713
1199.0000000000,0.2914099985
1200.0000000000,0.1169323729
1201.0000000000,0.3448017429
1202.0000000000,0.2407729718
1203.0000000000,0.0852632155
1204.0000000000,0.5357013408
1205.0000000000,0.3417173577
1206.0000000000,0.4849370759
1207.0000000000,0.4943335900
1208.0000000000,0.5124355292
1209.0000000000,0.2575966518
1210.0000000000,0.2268848774
1211.0000000000,0.3377880102
1212.0000000000,0.3153230595
1213.0000000000,0.2887814301
1214.0000000000,0.0596766827
1215.0000000000,0.3132984096
1216.0000000000,0.5245943315
1217.0000000000,0.4236995115
1218.0000000000,0.0792188796
1219.0000000000,0.2225618904
1220.0000000000,0.3695854334
1221.0000000000,0.1461793964
1222.0000000000,0.6123554987
1223.0000000000,0.0942459387
1224.0000000000,0.3165160044
1225.0000000000,0.5042289894
1226.0000000000,0.1657201311
1227.0000000000,0.2044834320
1228.0000000000,0.1607602273
1229.0000000000,0.0783347098
1230.0000000000,0.2651579580
1231.0000000000,0.3642346818
1232.0000000000,0.3623656365
1233.0000000000,0.1423385537
1234.0000000000,0.5456456069
1235.0000000000,0.3442421382
1236.0000000000,0.2340169547
1237.0000000000,0.3324177480
1238.0000000000,0.7444513900
1239.0000000000,0.2526923863
1240.0000000000,0.1220599768
1241.0000000000,0.3214878559
1242.0000000000,0.4683547281
1243.0000000000,0.2074113584
1244.0000000000,0.2393538865
1245.0000000000,0.1396489014
1246.0000000000,0.2346305379
1247.0000000000,0.2627631735
1248.0000000000,0.5242715887
1249.0000000000,0.4131589076
1250.0000000000,0.1769979311
1251.0000000000,0.2695469296
1252.0000000000,0.0917155475
1253.0000000000,0.4167564180
1254.0000000000,0.3163568513
1255.0000000000,0.7348667634
1256.0000000000,0.4027411304
1257.0000000000,0.6701499637
1258.0000000000,0.3532680017
1259.0000000000,0.6115884187
1260.0000000000,0.2029086244
1261.0000000000,0.1320620298
1262.0000000000,0.2073838561
1263.0000000000,0.1525155844
1264.0000000000,0.2371936371
1265.0000000000,0.2410509709
1266.0000000000,0.4180717116
1267.0000000000,0.4430941698
1268.0000000000,0.1378879303
1269.0000000000,0.3355464553
1270.0000000000,0.3741126499
1271.0000000000,0.4723422960
1272.0000000000,0.1669369515
1273.0000000000,0.7513308745
1274.0000000000,0.0961353629
1275.0000000000,0.6884071285
1276.0000000000,0.4395211470
1277.0000000000,0.1023371807
1278.0000000000,0.1555212544
1279.0000000000,0.1750355744
1280.0000000000,0.1316281354
1281.0000000000,0.2725627087
1282.0000000000,0.4611156212
1283.0000000000,0.5984914718
1284.0000000000,0.1808356717
1285.0000000000,0.5465921128
1286.0000000000,0.1889229973
1287.0000000000,0.0832084448
1288.0000000000,0.0773827543
1289.0000000000,0.5146141162
1290.0000000000,0.2763096718
1291.0000000000,0.4579069960
1292.0000000000,0.3396926222
1293.0000000000,0.1103895932
1294.0000000000,0.4879050311
1295.0000000000,0.2095787352
1296.0000000000,0.1047483624
1297.0000000000,0.2448423933
1298.0000000000,0.5188674101
1299.0000000000,0.3286420923
1300.0000000000,0.1797816918
1301.0000000000,0.2293348902
1302.0000000000,0.7378415738
1303.0000000000,0.2002646207
1304.0000000000,0.2437002289
1305.0000000000,0.5542401055
1306.0000000000,0.3309087809
1307.0000000000,0.3845175164
1308.0000000000,0.0939734704
1309.0000000000,0.2623537081
1310.0000000000,0.3527026869
1311.0000000000,0.3983565227
1312.0000000000,0.1709411627
1313.0000000000,0.3088758376
1314.0000000000,0.1099041374
1315.0000000000,0.2943235147
1316.0000000000,0.3607930931
1317.0000000000,0.4142927007
1318.0000000000,0.6016326170
1319.0000000000,0.1239300289
1320.0000000000,0.5292764024
1321.0000000000,0.2017631834
1322.0000000000,0.2284376764
1323.0000000000,0.2623069618
1324.0000000000,0.3083146580
1325.0000000000,0.1156279610
1326.0000000000,0.7022340126
1327.0000000000,0.5552128173
1328.0000000000,0.3810699667
1329.0000000000,0.1376839430
1330.0000000000,0.2592711986
1331.0000000000,0.4594907536
1332.0000000000,0.2572167279
1333.0000000000,0.0847352296
1334.0000000000,0.2687293500
1335.0000000000,0.6916836918
1336.0000000000,0.1485275834
1337.0000000000,0.4986801685
1338.0000000000,0.5390976729
1339.0000000000,0.7041914588
1340.0000000000,0.7931514510
1341.0000000000,0.7082183428
1342.0000000000,0.3121186290
1343.0000000000,0.6459648564
1344.0000000000,0.2756536450
1345.0000000000,0.0931647676
1346.0000000000,0.3240903067
1347.0000000000,0.3580754959
1348.0000000000,0.0950669431
1349.0000000000,0.1905943252
1350.0000000000,0.3385042111
1351.0000000000,0.1107011411
1352.0000000000,0.1520418960
1353.0000000000,0.0987769911
1354.0000000000,0.3158820696
1355.0000000000,0.1886313368
1356.0000000000,0.5970728383
1357.0000000000,0.2102542237
1358.0000000000,0.1027521240
1359.0000000000,0.3315868673
1360.0000000000,0.2623301246
1361.0000000000,0.2231715507
1362.0000000000,0.3915821295
1363.0000000000,0.2867666595
1364.0000000000,0.1152843870
1365.0000000000,0.2301099693
1366.0000000000,0.2950456003
1367.0000000000,0.1281837218
1368.0000000000,0.5314447882
1369.0000000000,0.5486110968
1370.0000000000,0.0609518237
1371.0000000000,0.3651629946
1372.0000000000,0.1871318483
1373.0000000000,0.2769543419
1374.0000000000,0.1443913803
1375.0000000000,0.1845349009
1376.0000000000,0.0950460495
1377.0000000000,0.7378158936
1378.0000000000,0.1162990631
1379.0000000000,0.5335807641
1380.0000000000,0.2149809472
1381.0000000000,0.1097981444
1382.0000000000,0.6755200218
1383.0000000000,0.0886745414
1384.0000000000,0.0754599856
1385.0000000000,0.1920292421
1386.0000000000,0.1052526842
1387.0000000000,0.0925164968
1388.0000000000,0.2706422711
1389.0000000000,0.2768349279
1390.0000000000,0.1949447463
1391.0000000000,0.2242188212
1392.0000000000,0.0706671109
1393.0000000000,0.1847002501
1394.0000000000,0.3260178620
1395.0000000000,0.0638712072
1396.0000000000,0.3969378290
1397.0000000000,0.1068070776
1398.0000000000,0.1378269598
1399.0000000000,0.3984440985
1400.0000000000,0.3606055487
1401.0000000000,0.1699828024
1402.0000000000,0.2197039446
1403.0000000000,0.1049857260
1404.0000000000,0.2391934511
1405.0000000000,0.1158840880
1406.0000000000,0.4999324986
1407.0000000000,0.3577397260
1408.0000000000,0.1677881561
1409.0000000000,0.2880858096
1410.0000000000,0.4274025274
1411.0000000000,0.0413705752
1412.0000000000,0.1170592117
1413.0000000000,0.2807736328
1414.0000000000,0.0860593614
1415.0000000000,0.3624381037
1416.0000000000,0.6471642893
1417.0000000000,0.1770350803
1418.0000000000,0.1185944058
1419.0000000000,0.0990586946
1420.0000000000,0.7741718186
1421.0000000000,0.2047151605
1422.0000000000,0.2406941673
1423.0000000000,0.1101729221
1424.0000000000,0.2137590623
1425.0000000000,0.2306494383
1426.0000000000,0.2303358629
1427.0000000000,0.2786752245
1428.0000000000,0.1617981157
1429.0000000000,0.6857328809
1430.0000000000,0.6593844668
1431.0000000000,0.3577368323
1432.0000000000,0.0675426428
1433.0000000000,0.6790021408
1434.0000000000,0.0971030146
1435.0000000000,0.1080961709
1436.0000000000,0.2892973647
1437.0000000000,0.1835312613
1438.0000000000,0.4479810278
1439.0000000000,0.1498577658
1440.0000000000,0.3929520682
1441.0000000000,0.0653106867
1442.0000000000,0.2508146680
1443.0000000000,0.3048864764
1444.0000000000,0.3353379883
1445.0000000000,0.2674343884
1446.0000000000,0.2562831127
1447.0000000000,0.7551462253
1448.0000000000,0.4262909539
1449.0000000000,0.2535552118
1450.0000000000,0.0650618912
1451.0000000000,0.1229199036
1452.0000000000,0.6458222553
1453.0000000000,0.2037444961
1454.0000000000,0.3110254420
1455.0000000000,0.2635071904
1456.0000000000,0.3433428070
1457.0000000000,0.3138562085
1458.0000000000,0.1290795487
1459.0000000000,0.1088244652
1460.0000000000,0.2539088970
1461.0000000000,0.5155064466
1462.0000000000,0.4003480365
1463.0000000000,0.1113333071
1464.0000000000,0.4351191140
1465.0000000000,0.6291049616
1466.0000000000,0.1690440879
1467.0000000000,0.4517705910
1468.0000000000,0.3804219574
1469.0000000000,0.3520667253
1470.0000000000,0.5187468721
1471.0000000000,0.0558882335
1472.0000000000,0.2367456824
1473.0000000000,0.4825336833
1474.0000000000,0.6017211223
1475.0000000000,0.1047927959
1476.0000000000,0.3113017763
1477.0000000000,0.2513816607
1478.0000000000,0.0878665663
1479.0000000000,0.1356408577
1480.0000000000,0.2139428805
1481.0000000000,0.1391156709
1482.0000000000,0.1083490547
1483.0000000000,0.3183321770
1484.0000000000,0.3911480529
1485.0000000000,0.3384554437
1486.0000000000,0.1366127866
1487.0000000000,0.3467100007
1488.0000000000,0.1427194138
1489.0000000000,0.5454301000
1490.0000000000,0.3658567919
1491.0000000000,0.2632003214
1492.0000000000,0.1640805559
1493.0000000000,0.0976217105
1494.0000000000,0.5054690391
1495.0000000000,0.3560170991
1496.0000000000,0.0746215189
1497.0000000000,0.1211860455
1498.0000000000,0.1244495197
1499.0000000000,0.2302570962
1500.0000000000,0.4017155143
1501.0000000000,0.3740507978
1502.0000000000,0.2549828658
1503.0000000000,0.1167879554
1504.0000000000,0.1614574785
1505.0000000000,0.3868786109
1506.0000000000,0.2292698788
1507.0000000000,0.3807701720
1508.0000000000,0.1534318445
1509.0000000000,0.1305220583
1510.0000000000,0.7929639802
1511.0000000000,0.4116031146
1512.0000000000,0.2153416766
1513.0000000000,0.4045589742
1514.0000000000,0.3205321702
1515.0000000000,0.4199331974
1516.0000000000,0.1043277658
1517.0000000000,0.1309667802
1518.0000000000,0.4038970043
1519.0000000000,0.1828478701
1520.0000000000,0.0989939565
1521.0000000000,0.3899324335
1522.0000000000,0.1928871020
1523.0000000000,0.1498967886
1524.0000000000,0.5325962407
1525.0000000000,0.1485079535
1526.0000000000,0.6793765864
1527.0000000000,0.2119298925
1528.0000000000,0.5028290999
1529.0000000000,0.4610657883
1530.0000000000,0.1671231791
1531.0000000000,0.1416101226
1532.0000000000,0.0512431650
1533.0000000000,0.3656593863
1534.0000000000,0.0868934384
1535.0000000000,0.0845293964
1536.0000000000,0.2495888007
1537.0000000000,0.2049601018
1538.0000000000,0.6482373460
1539.0000000000,0.7093036375
1540.0000000000,0.4749266011
1541.0000000000,0.3230831610
1542.0000000000,0.2425592464
1543.0000000000,0.1149421557
1544.0000000000,0.2308016021
1545.0000000000,0.4455891868
1546.0000000000,0.5904732363
1547.0000000000,0.4633421943
1548.0000000000,0.5554072387
1549.0000000000,0.4275974109
1550.0000000000,0.7156300307
1551.0000000000,0.2523709971
1552.0000000000,0.4452032267
1553.0000000000,0.1180023784
1554.0000000000,0.3384009993
1555.0000000000,0.2645858940
1556.0000000000,0.3720367232
1557.0000000000,0.4897067875
1558.0000000000,0.3669253078
1559.0000000000,0.1438183902
1560.0000000000,0.2897660090
1561.0000000000,0.0785355034
1562.0000000000,0.1490062241
1563.0000000000,0.1746148795
1564.0000000000,0.1693938249
1565.0000000000,0.3126642419
1566.0000000000,0.1702472111
1567.0000000000,0.1358162993
1568.0000000000,0.1181517525
1569.0000000000,0.5374173097
1570.0000000000,0.3004832381
1571.0000000000,0.1047284441
1572.0000000000,0.3012160040
1573.0000000000,0.0916630781
1574.0000000000,0.2545199791
1575.0000000000,0.4524114838
1576.0000000000,0.3587600644
1577.0000000000,0.3309804906
1578.0000000000,0.2503569148
1579.0000000000,0.4418896549
1580.0000000000,0.1983002984
1581.0000000000,0.0689498821
1582.0000000000,0.1980831487
1583.0000000000,0.3552531345
1584.0000000000,0.4926166933
1585.0000000000,0.5193427093
1586.0000000000,0.4305347183
1587.0000000000,0.6214666433
1588.0000000000,0.4076243735
1589.0000000000,0.3980569852
1590.0000000000,0.2932339662
1591.0000000000,0.0850310831
1592.0000000000,0.6388666530
1593.0000000000,0.3986953261
1594.0000000000,0.1457216362
1595.0000000000,0.1267395520
1596.0000000000,0.0669922118
1597.0000000000,0.5406799388
1598.0000000000,0.4926154950
1599.0000000000,0.4497194110
1600.0000000000,0.0807051974
1601.0000000000,0.1340585082
1602.0000000000,0.1654355158
1603.0000000000,0.1702362425
1604.0000000000,0.0655730037
1605.0000000000,0.3802983311
1606.0000000000,0.0819000630
1607.0000000000,0.3865570310
1608.0000000000,0.4097463054
1609.0000000000,0.1923631000
1610.0000000000,0.4853917063
1611.0000000000,0.4947214498
1612.0000000000,0.1635657888
1613.0000000000,0.4650071450
1614.0000000000,0.1727985852
1615.0000000000,0.2656048337
1616.0000000000,0.6792234453
1617.0000000000,0.2125319404
1618.0000000000,0.2411813592
1619.0000000000,0.0965155223
1620.0000000000,0.2860208830
1621.0000000000,0.2818623769
1622.0000000000,0.3366825378
1623.0000000000,0.1710927769
1624.0000000000,0.2492028118
1625.0000000000,0.4316899461
1626.0000000000,0.2830171218
1627.0000000000,0.4757174560
1628.0000000000,0.2732792340
1629.0000000000,0.3874459819
1630.0000000000,0.6421579001
1631.0000000000,0.4388328236
1632.0000000000,0.2097296297
1633.0000000000,0.6601676266
1634.0000000000,0.3297204725
1635.0000000000,0.3482770403
1636.0000000000,0.3348515058
1637.0000000000,0.4543647956
1638.0000000000,0.1481420872
1639.0000000000,0.2933928150
1640.0000000000,0.1995298390
1641.0000000000,0.3312547054
1642.0000000000,0.2856310680
1643.0000000000,0.0609507485
1644.0000000000,0.2891140622
1645.0000000000,0.1484337400
1646.0000000000,0.5801020902
1647.0000000000,0.3349878186
1648.0000000000,0.1543590429
1649.0000000000,0.2652849546
1650.0000000000,0.1393153053
1651.0000000000,0.3986379573
1652.0000000000,0.3409611671
1653.0000000000,0.4856081527
1654.0000000000,0.1358281007
1655.0000000000,0.5190765999
1656.0000000000,0.3801292147
1657.0000000000,0.2959716910
1658.0000000000,0.1560270381
1659.0000000000,0.5693953124
1660.0000000000,0.3999632778
1661.0000000000,0.2784619595
1662.0000000000,0.1366953885
1663.0000000000,0.2012688824
1664.0000000000,0.1867977182
1665.0000000000,0.6222070776
1666.0000000000,0.1969201540
1667.0000000000,0.2534949176
1668.0000000000,0.4740209214
1669.0000000000,0.5249158330
1670.0000000000,0.4323134401
1671.0000000000,0.2550246057
1672.0000000000,0.2798521626
1673.0000000000,0.4095556637
1674.0000000000,0.1674893524
1675.0000000000,0.1972367391
1676.0000000000,0.1731160757
1677.0000000000,0.1445254542
1678.0000000000,0.1793608477
1679.0000000000,0.8744244849
1680.0000000000,0.2409295556
1681.0000000000,0.0358015910
1682.0000000000,0.1875315216
1683.0000000000,0.4076434818
1684.0000000000,0.3884294684
1685.0000000000,0.1992384715
1686.0000000000,0.3982993746
1687.0000000000,0.3869861511
1688.0000000000,0.3679326976
1689.0000000000,0.1744409400
1690.0000000000,0.2562265245
1691.0000000000,0.1366281704
1692.0000000000,0.2816308321
1693.0000000000,0.6413140731
1694.0000000000,0.1634761471
1695.0000000000,0.2189282686
1696.0000000000,0.5227977316
1697.0000000000,0.1377883608
1698.0000000000,0.8408782091
1699.0000000000,0.1611244132
1700.0000000000,0.4028585456
1701.0000000000,0.2841922979
1702.0000000000,0.8173472784
1703.0000000000,0.4568681735
1704.0000000000,0.1554477433
1705.0000000000,0.5221548649
1706.0000000000,0.0983217406
1707.0000000000,0.1428081635
1708.0000000000,0.1450721233
1709.0000000000,0.8537588505
1710.0000000000,0.5284456555
1711.0000000000,0.3486374276
1712.0000000000,0.4362866610
1713.0000000000,0.1514517485
1714.0000000000,0.2183517905
1715.0000000000,0.6451069601
1716.0000000000,0.2843124459
1717.0000000000,0.2595678895
1718.0000000000,0.3288579109
1719.0000000000,0.2099860835
1720.0000000000,0.0734336838
1721.0000000000,0.2614673897
1722.0000000000,0.3301031299
1723.0000000000,0.2340576632
1724.0000000000,0.3136485218
1725.0000000000,0.4800855605
1726.0000000000,0.7222478126
1727.0000000000,0.2142992497
1728.0000000000,0.0911865462
1729.0000000000,0.2154130881
1730.0000000000,0.4330772732
1731.0000000000,0.7155778232
1732.0000000000,0.3744044663
1733.0000000000,0.4871707929
1734.0000000000,0.1835850317
1735.0000000000,0.1649410389
1736.0000000000,0.1902638654
1737.0000000000,0.2170415437
1738.0000000000,0.2493894124
1739.0000000000,0.0968797885
1740.0000000000,0.7160845691
1741.0000000000,0.4623027764
1742.0000000000,0.4217708836
1743.0000000000,0.4799601137
1744.0000000000,0.1275019909
1745.0000000000,0.1959680082
1746.0000000000,0.4865475883
1747.0000000000,0.3640770669
1748.0000000000,0.4993847326
1749.0000000000,0.4598884486
1750.0000000000,0.1508047955
1751.0000000000,0.1599554843
1752.0000000000,0.2228444969
1753.0000000000,0.3005141772
1754.0000000000,0.0975712233
1755.0000000000,0.1774962703
1756.0000000000,0.4443658817
1757.0000000000,0.8685674221
1758.0000000000,0.3147019509
1759.0000000000,0.1179792484
1760.0000000000,0.8434316236
1761.0000000000,0.2952377200
1762.0000000000,0.5730999322
1763.0000000000,0.1796447864
1764.0000000000,0.2691868684
1765.0000000000,0.2450854035
1766.0000000000,0.1523159065
1767.0000000000,0.2707708473
1768.0000000000,0.1614406121
1769.0000000000,0.2424362402
1770.0000000000,0.1694820803
1771.0000000000,0.5718166788
1772.0000000000,0.3649030538
1773.0000000000,0.2370470607
1774.0000000000,0.3648268357
1775.0000000000,0.0824909800
1776.0000000000,0.4891318750
1777.0000000000,0.1272651102
1778.0000000000,0.0668189485
1779.0000000000,0.3397774448
1780.0000000000,0.0607052349
1781.0000000000,0.4325520937
1782.0000000000,0.0993794136
1783.0000000000,0.1397174191
1784.0000000000,0.3236027542
1785.0000000000,0.1416431831
1786.0000000000,0.0838488410
1787.0000000000,0.1977005863
1788.0000000000,0.1701606143
1789.0000000000,0.1227974053
1790.0000000000,0.1216274915
1791.0000000000,0.2630885303
1792.0000000000,0.7516941545
1793.0000000000,0.2577549544
1794.0000000000,0.2217051185
1795.0000000000,0.2121007270
1796.0000000000,0.1524911828
1797.0000000000,0.2490542946
1798.0000000000,0.2914066112
1799.0000000000,0.3550688785
1800.0000000000,0.5347139080
1801.0000000000,0.1889373723
1802.0000000000,0.1369937193
1803.0000000000,0.0762765745
1804.0000000000,0.5886487649
1805.0000000000,0.2747445659
1806.0000000000,0.3790142381
1807.0000000000,0.2115370956
1808.0000000000,0.1808410072
1809.0000000000,0.3635769487
1810.0000000000,0.3883709846
1811.0000000000,0.2420989638
1812.0000000000,0.1103531523
1813.0000000000,0.3645254390
1814.0000000000,0.1120747113
1815.0000000000,0.1629374316
1816.0000000000,0.1286790607
1817.0000000000,0.3686202574
1818.0000000000,0.1075810851
1819.0000000000,0.1176759467
1820.0000000000,0.1270413220
1821.0000000000,0.0706129749
1822.0000000000,0.2147544329
1823.0000000000,0.1547741361
1824.0000000000,0.1747451828
1825.0000000000,0.5224372905
1826.0000000000,0.3281345822
1827.0000000000,0.4491519500
1828.0000000000,0.2556092246
1829.0000000000,0.2815839734
1830.0000000000,0.2119201720
1831.0000000000,0.1504430413
1832.0000000000,0.7485894477
1833.0000000000,0.2819280234
1834.0000000000,0.2109525264
1835.0000000000,0.5678320992
1836.0000000000,0.1947286291
1837.0000000000,0.5718719295
1838.0000000000,0.3605937656
1839.0000000000,0.5760736594
1840.0000000000,0.2510925310
1841.0000000000,0.4261030142
1842.0000000000,0.1657397092
1843.0000000000,0.2277170781
1844.0000000000,0.4752491964
1845.0000000000,0.2616593853
1846.0000000000,0.5030581387
1847.0000000000,0.6077607601
1848.0000000000,0.3216565455
1849.0000000000,0.5116519028
1850.0000000000,0.1301613359
1851.0000000000,0.1944281180
1852.0000000000,0.0692780697
1853.0000000000,0.0705607055
1854.0000000000,0.6667747157
1855.0000000000,0.5631039907
1856.0000000000,0.3250408919
1857.0000000000,0.3939036119
1858.0000000000,0.0460056922
1859.0000000000,0.2006963950
1860.0000000000,0.1420265559
1861.0000000000,0.3009667460
1862.0000000000,0.7711406019
1863.0000000000,0.1659799722
1864.0000000000,0.1901118511
1865.0000000000,0.1637847466
1866.0000000000,0.2847396148
1867.0000000000,0.2126302511
1868.0000000000,0.5197277573
1869.0000000000,0.1818894366
1870.0000000000,0.1793380455
1871.0000000000,0.6674331695
1872.0000000000,0.1990129304
1873.0000000000,0.1594198448
1874.0000000000,0.6778246740
1875.0000000000,0.3356722630
1876.0000000000,0.0881913362
1877.0000000000,0.1703055609
1878.0000000000,0.2513847477
1879.0000000000,0.5944883516
1880.0000000000,0.1892205150
1881.0000000000,0.1278629611
1882.0000000000,0.3244516746
1883.0000000000,0.3713421723
1884.0000000000,0.6001858154
1885.0000000000,0.0595257531
1886.0000000000,0.2327985417
1887.0000000000,0.2583634201
1888.0000000000,0.1403163015
1889.0000000000,0.2077536783
1890.0000000000,0.1676143503
1891.0000000000,0.2447356698
1892.0000000000,0.0631738633
1893.0000000000,0.1996268323
1894.0000000000,0.2150477536
1895.0000000000,0.2282044844
1896.0000000000,0.1621146293
1897.0000000000,0.0969164468
1898.0000000000,0.5237939702
1899.0000000000,0.1253324775
1900.0000000000,0.4179705548
1901.0000000000,0.5371093029
1902.0000000000,0.1303856699
1903.0000000000,0.7132008931
1904.0000000000,0.1990287550
1905.0000000000,0.4674880478
1906.0000000000,0.4140101303
1907.0000000000,0.0400781196
1908.0000000000,0.3886339926
1909.0000000000,0.2826696065
1910.0000000000,0.2032995929
1911.0000000000,0.1396857412
1912.0000000000,0.1096957279
1913.0000000000,0.2104212070
1914.0000000000,0.4381721507
1915.0000000000,0.6390371744
1916.0000000000,0.1801336409
1917.0000000000,0.4901036795
1918.0000000000,0.2930522496
1919.0000000000,0.5095744480
1920.0000000000,0.2077958051
1921.0000000000,0.5718020977
1922.0000000000,0.8569341737
1923.0000000000,0.0758714273
1924.0000000000,0.1620567274
1925.0000000000,0.2400366650
1926.0000000000,0.1786092769
1927.0000000000,0.1077827791
1928.0000000000,0.4257316696
1929.0000000000,0.3136887490
1930.0000000000,0.3096840652
1931.0000000000,0.1422283523
1932.0000000000,0.3279655176
1933.0000000000,0.4669656344
1934.0000000000,0.0542185019
1935.0000000000,0.1922214923
1936.0000000000,0.3006848863
1937.0000000000,0.2467296198
1938.0000000000,0.4109728818
1939.0000000000,0.2646573365
1940.0000000000,0.5868487286
1941.0000000000,0.1722359935
1942.0000000000,0.3267663689
1943.0000000000,0.1043955972
1944.0000000000,0.4831425373
1945.0000000000,0.3850180549
1946.0000000000,0.2651639483
1947.0000000000,0.3072729093
1948.0000000000,0.1335721575
1949.0000000000,0.4068302832
1950.0000000000,0.2453313321
1951.0000000000,0.5616630995
1952.0000000000,0.2552708864
1953.0000000000,0.2406600526
1954.0000000000,0.2574206413
1955.0000000000,0.1391615185
1956.0000000000,0.2836361280
1957.0000000000,0.0608032914
1958.0000000000,0.2823146089
1959.0000000000,0.3206911876
1960.0000000000,0.1341171058
1961.0000000000,0.3944093448
1962.0000000000,0.7093117342
1963.0000000000,0.1483658018
1964.0000000000,0.3088790099
1965.0000000000,0.9382187170
1966.0000000000,0.6898843759
1967.0000000000,0.0984690063
1968.0000000000,0.2292894095
1969.0000000000,0.4179247784
1970.0000000000,0.3010014209
1971.0000000000,0.5342114989
1972.0000000000,0.2015162886
1973.0000000000,0.0685987551
1974.0000000000,0.5390018492
1975.0000000000,0.1234604766
1976.0000000000,0.2231555576
1977.0000000000,0.7488428754
1978.0000000000,0.1056384353
1979.0000000000,0.1115056971
1980.0000000000,0.4366636230
1981.0000000000,0.2251070764
1982.0000000000,0.2070819470
1983.0000000000,0.2458983800
1984.0000000000,0.2530870542
1985.0000000000,0.5431246893
1986.0000000000,0.5657014211
1987.0000000000,0.2534677578
1988.0000000000,0.0610090026
1989.0000000000,0.2654973768
1990.0000000000,0.4571188506
1991.0000000000,0.0933311338
1992.0000000000,0.2196230766
1993.0000000000,0.4493762744
1994.0000000000,0.6109727148
1995.0000000000,0.0720661381
1996.0000000000,0.4077598241
1997.0000000000,0.0558510064
1998.0000000000,0.2468545706
1999.0000000000,0.3582102478
2000.0000000000,0.5485718694
2001.0000000000,0.5217357556
2002.0000000000,0.2779940577
2003.0000000000,0.3934221509
2004.0000000000,0.4096583554
2005.0000000000,0.2466042677
2006.0000000000,0.2612897973
2007.0000000000,0.2307106730
2008.0000000000,0.4939328659
2009.0000000000,0.6205984653
2010.0000000000,0.1459515289
2011.0000000000,0.1642633150
2012.0000000000,0.4253146416
2013.0000000000,0.1316396703
2014.0000000000,0.4964662802
2015.0000000000,0.3089081135
2016.0000000000,0.1361106023
2017.0000000000,0.1700441392
2018.0000000000,0.2476497489
2019.0000000000,0.1842029748
2020.0000000000,0.1518141980
2021.0000000000,0.3087694910
2022.0000000000,0.1721291857
2023.0000000000,0.1965061200
2024.0000000000,0.4098776780
2025.0000000000,0.1002757401
2026.0000000000,0.4156224507
2027.0000000000,0.1303302162
2028.0000000000,0.4930194098
2029.0000000000,0.0753047265
2030.0000000000,0.4151879329
2031.0000000000,0.7651285038
2032.0000000000,0.5494233971
2033.0000000000,0.4862150742
2034.0000000000,0.8165574871
2035.0000000000,0.1154696832
2036.0000000000,0.6618020234
2037.0000000000,0.4273404170
2038.0000000000,0.5550817628
2039.0000000000,0.4442533067
2040.0000000000,0.0858827161
2041.0000000000,0.6521217560
2042.0000000000,0.1166320542
2043.0000000000,0.1596991941
2044.0000000000,0.3633597168
2045.0000000000,0.6427864406
2046.0000000000,0.1713437711
2047.0000000000,0.2639456256
2048.0000000000,0.3662859960
2049.0000000000,0.4925708213
2050.0000000000,0.3712456560
2051.0000000000,0.3751870993
2052.0000000000,0.2303311311
2053.0000000000,0.3433019216
2054.0000000000,0.3186033039
2055.0000000000,0.5580893315
2056.0000000000,0.0962302378
2057.0000000000,0.3819077628
2058.0000000000,0.2702913368
2059.0000000000,0.2492708145
2060.0000000000,0.0677805020
2061.0000000000,0.1348888708
2062.0000000000,0.3128433063
2063.0000000000,0.4199112975
2064.0000000000,0.2494577478
2065.0000000000,0.3478671298
2066.0000000000,0.2218680231
2067.0000000000,0.8962813986
2068.0000000000,0.1751308814
2069.0000000000,0.2363208544
2070.0000000000,0.5183714743
2071.0000000000,0.0986638725
2072.0000000000,0.0812337215
2073.0000000000,0.6953080577
2074.0000000000,0.1750105340
2075.0000000000,0.2413933687
2076.0000000000,0.1043371415
2077.0000000000,0.7835157328
2078.0000000000,0.1204238127
2079.0000000000,0.0666058055
2080.0000000000,0.2270803439
2081.0000000000,0.4142674620
2082.0000000000,0.1348239748
2083.0000000000,0.5797444752
2084.0000000000,0.2407239348
2085.0000000000,0.2993063372
2086.0000000000,0.1660375400
2087.0000000000,0.4683221335
2088.0000000000,0.6238158912
2089.0000000000,0.3649048201
2090.0000000000,0.0981378127
2091.0000000000,0.0975927781
2092.0000000000,0.2796504408
2093.0000000000,0.1966459161
2094.0000000000,0.1120845271
2095.0000000000,0.3638423354
2096.0000000000,0.5407561917
2097.0000000000,0.4419863399
2098.0000000000,0.5415505513
2099.0000000000,0.2598196881
2100.0000000000,0.3492625564
2101.0000000000,0.3560653394
2102.0000000000,0.1184704902
2103.0000000000,0.5771326568
2104.0000000000,0.1707952548
2105.0000000000,0.4414086772
2106.0000000000,0.2335350900
2107.0000000000,0.4717833572
2108.0000000000,0.5477269029
2109.0000000000,0.3849473164
2110.0000000000,0.1818236045
2111.0000000000,0.4063961748
2112.0000000000,0.5850958570
2113.0000000000,0.1076752175
2114.0000000000,0.1661141699
2115.0000000000,0.6165064679
2116.0000000000,0.5359700164
2117.0000000000,0.2240713632
2118.0000000000,0.3273183612
2119.0000000000,0.3673074337
2120.0000000000,0.1291727683
2121.0000000000,0.0799954497
2122.0000000000,0.1052942365
2123.0000000000,0.4012206153
2124.0000000000,0.3250032798
2125.0000000000,0.2829187345
2126.0000000000,0.3582527372
2127.0000000000,0.3016642534
2128.0000000000,0.3823375568
2129.0000000000,0.0726424309
2130.0000000000,0.6605828826
2131.0000000000,0.4482603811
2132.0000000000,0.1676288548
2133.0000000000,0.1249867051
2134.0000000000,0.1354584007
2135.0000000000,0.2016607021
2136.0000000000,0.0927486961
2137.0000000000,0.4653040376
2138.0000000000,0.1018952802
2139.0000000000,0.2359130188
2140.0000000000,0.4953089253
2141.0000000000,0.3950607494
2142.0000000000,0.3180552137
2143.0000000000,0.6829142527
2144.0000000000,0.1460069237
2145.0000000000,0.2424632859
2146.0000000000,0.1610335304
2147.0000000000,0.3726096718
2148.0000000000,0.1682193354
2149.0000000000,0.3239768259
2150.0000000000,0.4285536996
2151.0000000000,0.2278471748
2152.0000000000,0.6077461898
2153.0000000000,0.0653854550
2154.0000000000,0.4013385740
2155.0000000000,0.1640732923
2156.0000000000,0.4278481369
2157.0000000000,0.3964105347
2158.0000000000,0.1354722563
2159.0000000000,0.4260069239
2160.0000000000,0.3436602025
2161.0000000000,0.1353452711
2162.0000000000,0.2078986761
2163.0000000000,0.1275879309
2164.0000000000,0.1972912985
2165.0000000000,0.0913086140
2166.0000000000,0.1231593578
2167.0000000000,0.0433831395
2168.0000000000,0.1864154461
2169.0000000000,0.1939382829
2170.0000000000,0.2579670616
2171.0000000000,0.1221262982
2172.0000000000,0.1661634078
2173.0000000000,0.6410402733
2174.0000000000,0.3381969990
2175.0000000000,0.0961934739
2176.0000000000,0.1776354239
2177.0000000000,0.0907005108
2178.0000000000,0.0834397315
2179.0000000000,0.1089819073
2180.0000000000,0.3312096026
2181.0000000000,0.2851313880
2182.0000000000,0.8229571249
2183.0000000000,0.5890656243
2184.0000000000,0.2214001455
2185.0000000000,0.1324761296
2186.0000000000,0.7884544629
2187.0000000000,0.1732827296
2188.0000000000,0.4242742030
2189.0000000000,0.1218930109
2190.0000000000,0.3958267518
2191.0000000000,0.1724724411
2192.0000000000,0.3604449772
2193.0000000000,0.0600666679
2194.0000000000,0.1220591075
2195.0000000000,0.2379130996
2196.0000000000,0.0855438113
2197.0000000000,0.0473096977
2198.0000000000,0.3094098337
2199.0000000000,0.2584372466
2200.0000000000,0.1028960543
2201.0000000000,0.7302949113
2202.0000000000,0.1363948841
2203.0000000000,0.3193924988
2204.0000000000,0.2403948709
2205.0000000000,0.3741640501
2206.0000000000,0.7563922212
2207.0000000000,0.0789588044
2208.0000000000,0.0436463799
2209.0000000000,0.1058652917
2210.0000000000,0.2080417879
2211.0000000000,0.3661005449
2212.0000000000,0.0811510029
2213.0000000000,0.0973590135
2214.0000000000,0.1682623519
2215.0000000000,0.4944242976
2216.0000000000,0.2185240889
2217.0000000000,0.1844119572
2218.0000000000,0.3066419283
2219.0000000000,0.3943054538
2220.0000000000,0.1470359603
2221.0000000000,0.4335037297
2222.0000000000,0.5554693734
2223.0000000000,0.4880970458
2224.0000000000,0.7194328914
2225.0000000000,0.0753647224
2226.0000000000,0.1606622249
2227.0000000000,0.3954732406
2228.0000000000,0.1976118125
2229.0000000000,0.0724606799
2230.0000000000,0.3987519839
2231.0000000000,0.1714571094
2232.0000000000,0.3857895631
2233.0000000000,0.3670318734
2234.0000000000,0.4132557236
2235.0000000000,0.0932464651
2236.0000000000,0.2057026979
2237.0000000000,0.3689572665
2238.0000000000,0.2436291161
2239.0000000000,0.1485145294
2240.0000000000,0.7670738928
2241.0000000000,0.1261443282
2242.0000000000,0.1251325364
2243.0000000000,0.1821317083
2244.0000000000,0.4803280499
2245.0000000000,0.0849139936
2246.0000000000,0.2743598028
2247.0000000000,0.1090625690
2248.0000000000,0.2041065035
2249.0000000000,0.3005309516
2250.0000000000,0.1052736165
2251.0000000000,0.2529238489
2252.0000000000,0.1363336667
2253.0000000000,0.4055407628
2254.0000000000,0.5382576125
2255.0000000000,0.2070053255
2256.0000000000,0.6456094023
2257.0000000000,0.4642251698
2258.0000000000,0.5877800280
2259.0000000000,0.3185713219
2260.0000000000,0.1094691798
2261.0000000000,0.1304735942
2262.0000000000,0.5913736313
2263.0000000000,0.1168608066
2264.0000000000,0.0809048970
2265.0000000000,0.0715840721
2266.0000000000,0.6240080129
2267.0000000000,0.1790194005
2268.0000000000,0.6661607667
2269.0000000000,0.2722203687
2270.0000000000,0.3482488367
2271.0000000000,0.1826651144
2272.0000000000,0.3294287732
2273.0000000000,0.5231984544
2274.0000000000,0.1231523748
2275.0000000000,0.5276929562
2276.0000000000,0.5579070932
2277.0000000000,0.4331528523
2278.0000000000,0.6421174237
2279.0000000000,0.4324358079
2280.0000000000,0.1315664598
2281.0000000000,0.3163341424
2282.0000000000,0.4730061231
2283.0000000000,0.4176893536
2284.0000000000,0.5961653903
2285.0000000000,0.1373212166
2286.0000000000,0.1755021052
2287.0000000000,0.4135201688
2288.0000000000,0.3074480930
2289.0000000000,0.1588978776
2290.0000000000,0.0940929626
2291.0000000000,0.3023703900
2292.0000000000,0.1264496658
2293.0000000000,0.9467031008
2294.0000000000,0.1616851580
2295.0000000000,0.4429972461
2296.0000000000,0.2602115526
2297.0000000000,0.3738344819
2298.0000000000,0.2648178057
2299.0000000000,0.3423540732
2300.0000000000,0.2151236370
2301.0000000000,0.3817976888
2302.0000000000,0.1492905089
2303.0000000000,0.1155179084
2304.0000000000,0.1393997142
2305.0000000000,0.1946447249
2306.0000000000,0.1909243507
2307.0000000000,0.3719673379
2308.0000000000,0.2316664627
2309.0000000000,0.2369752155
2310.0000000000,0.1887483226
2311.0000000000,0.7303432402
2312.0000000000,0.1880405271
2313.0000000000,0.3997967684
2314.0000000000,0.3724397938
2315.0000000000,0.0969409577
2316.0000000000,0.4622493337
2317.0000000000,0.3527499279
2318.0000000000,0.7930646842
2319.0000000000,0.0965077008
2320.0000000000,0.3222575466
2321.0000000000,0.1082794517
2322.0000000000,0.5304319138
2323.0000000000,0.5602195176
2324.0000000000,0.4919767758
2325.0000000000,0.8076244885
2326.0000000000,0.2597524158
2327.0000000000,0.0750178146
2328.0000000000,0.2169270041
2329.0000000000,0.2148535948
2330.0000000000,0.2006800573
2331.0000000000,0.4202299646
2332.0000000000,0.2195379968
2333.0000000000,0.1490163335
2334.0000000000,0.2174183164
2335.0000000000,0.0667422032
2336.0000000000,0.7310675703
2337.0000000000,0.3969773913
2338.0000000000,0.0898930217
2339.0000000000,0.3201900855
2340.0000000000,0.0957472075
2341.0000000000,0.3098210974
2342.0000000000,0.3029281308
2343.0000000000,0.2584811337
2344.0000000000,0.2979930576
2345.0000000000,0.2583795665
2346.0000000000,0.1544422270
2347.0000000000,0.2450492014
2348.0000000000,0.3092216431
2349.0000000000,0.1200884096
2350.0000000000,0.1419674282
2351.0000000000,0.3681844390
2352.0000000000,0.4660859486
2353.0000000000,0.1155044581
2354.0000000000,0.3159420006
2355.0000000000,0.4411788875
2356.0000000000,0.4681950255
2357.0000000000,0.3657558688
2358.0000000000,0.5791055086
2359.0000000000,0.2476129586
2360.0000000000,0.0768414240
2361.0000000000,0.5750557701
2362.0000000000,0.4471729179
2363.0000000000,0.4486042445
2364.0000000000,0.3425201291
2365.0000000000,0.0832509168
2366.0000000000,0.2050660600
2367.0000000000,0.2506479970
2368.0000000000,0.7250715740
2369.0000000000,0.2707265981
2370.0000000000,0.1502121293
2371.0000000000,0.5376812462
2372.0000000000,0.6069739933
2373.0000000000,0.1132057361
2374.0000000000,0.3727386173
2375.0000000000,0.1233768383
2376.0000000000,0.1357969215
2377.0000000000,0.2566051046
2378.0000000000,0.0922083953
2379.0000000000,0.2668031894
2380.0000000000,0.0605774079
2381.0000000000,0.1435915180
2382.0000000000,0.1200559093
2383.0000000000,0.1687486344
2384.0000000000,0.2296716377
2385.0000000000,0.1731164339
2386.0000000000,0.2358080926
2387.0000000000,0.1008659557
2388.0000000000,0.4199391122
2389.0000000000,0.0736829940
2390.0000000000,0.1110454005
2391.0000000000,0.7319542529
2392.0000000000,0.1570842127
2393.0000000000,0.3195201891
2394.0000000000,0.2889215649
2395.0000000000,0.6542528589
2396.0000000000,0.3730041464
2397.0000000000,0.1716698704
2398.0000000000,0.6567459253
2399.0000000000,0.2758966796
2400.0000000000,0.2421795479
2401.0000000000,0.3740404786
2402.0000000000,0.4879861667
2403.0000000000,0.4177602346
2404.0000000000,0.3526770622
2405.0000000000,0.3284849011
2406.0000000000,0.6174723817
2407.0000000000,0.4976237053
2408.0000000000,0.1569074129
2409.0000000000,0.1211967276
2410.0000000000,0.1332947235
2411.0000000000,0.5189789698
2412.0000000000,0.1497923414
2413.0000000000,0.1197350184
2414.0000000000,0.2638497681
2415.0000000000,0.0793000530
2416.0000000000,0.3448939599
2417.0000000000,0.2643119209
2418.0000000000,0.3706071191
2419.0000000000,0.0274658462
2420.0000000000,0.0454216260
2421.0000000000,0.2001122332
2422.0000000000,0.7709878044
2423.0000000000,0.3970378183
2424.0000000000,0.5261072210
2425.0000000000,0.3480155641
2426.0000000000,0.1309106111
2427.0000000000,0.2726180159
2428.0000000000,0.5128796835
2429.0000000000,0.0734555967
2430.0000000000,0.4703915404
2431.0000000000,0.1971412348
2432.0000000000,0.1781159438
2433.0000000000,0.0298804145
2434.0000000000,0.3656179631
2435.0000000000,0.1113782493
2436.0000000000,0.2241758134
2437.0000000000,0.2359226430
2438.0000000000,0.1414936368
2439.0000000000,0.1359089547
2440.0000000000,0.0511114838
2441.0000000000,0.3059254792
2442.0000000000,0.2166573432
2443.0000000000,0.2677808351
2444.0000000000,0.5000147189
2445.0000000000,0.4232941221
2446.0000000000,0.0788748430
2447.0000000000,0.4819279103
2448.0000000000,0.4358708320
2449.0000000000,0.6256288859
2450.0000000000,0.3929334265
2451.0000000000,0.0560074608
2452.0000000000,0.2498192559
2453.0000000000,0.2875924953
2454.0000000000,0.3995563485
2455.0000000000,0.1520193419
2456.0000000000,0.4379022225
2457.0000000000,0.4359657855
2458.0000000000,0.3348656019
2459.0000000000,0.5815024232
2460.0000000000,0.2495894876
2461.0000000000,0.3911667494
2462.0000000000,0.2247626679
2463.0000000000,0.1038255359
2464.0000000000,0.3650166563
2465.0000000000,0.2442954002
2466.0000000000,0.2706283673
2467.0000000000,0.4574628250
2468.0000000000,0.0636333998
2469.0000000000,0.4719372514
2470.0000000000,0.3383814721
2471.0000000000,0.2497829234
2472.0000000000,0.6633580914
2473.0000000000,0.1559335820
2474.0000000000,0.2192092035
2475.0000000000,0.0820784066
2476.0000000000,0.1801400021
2477.0000000000,0.2600976648
2478.0000000000,0.6640539386
2479.0000000000,0.1221834416
2480.0000000000,0.1466797898
2481.0000000000,0.6505216542
2482.0000000000,0.3454606619
2483.0000000000,0.4273585888
2484.0000000000,0.3436369013
2485.0000000000,0.2964230842
2486.0000000000,0.3227252718
2487.0000000000,0.2407249843
2488.0000000000,0.1441610167
2489.0000000000,0.1911556467
2490.0000000000,0.0495768204
2491.0000000000,0.4524428667
2492.0000000000,0.3679694967
2493.0000000000,0.2590585449
2494.0000000000,0.1328468263
2495.0000000000,0.2046939599
2496.0000000000,0.6422638503
2497.0000000000,0.0844809370
2498.0000000000,0.3558650066
2499.0000000000,0.2859485234
2500.0000000000,0.2394762707
2501.0000000000,0.4303200453
2502.0000000000,0.5407059822
2503.0000000000,0.3962256920
2504.0000000000,0.6775354921
2505.0000000000,0.3165239694
2506.0000000000,0.0551464815
2507.0000000000,0.2178424739
2508.0000000000,0.4896548549
2509.0000000000,0.3542190090
2510.0000000000,0.0417116850
2511.0000000000,0.4079018342
2512.0000000000,0.4322481745
2513.0000000000,0.3848798796
2514.0000000000,0.0854021363
2515.0000000000,0.2793344048
2516.0000000000,0.1645064385
2517.0000000000,0.5096429266
2518.0000000000,0.2616891609
2519.0000000000,0.4739867639
2520.0000000000,0.4376440025
2521.0000000000,0.6971520737
2522.0000000000,0.1668751017
2523.0000000000,0.0556126394
2524.0000000000,0.2874225337
2525.0000000000,0.8092116347
2526.0000000000,0.2780894182
2527.0000000000,0.6264839564
2528.0000000000,0.6421758257
2529.0000000000,0.3327073891
2530.0000000000,0.1209464247
2531.0000000000,0.3594276572
2532.0000000000,0.1428687789
2533.0000000000,0.2390997742
2534.0000000000,0.1401216851
2535.0000000000,0.1142933508
2536.0000000000,0.2441162833
2537.0000000000,0.1409970512
2538.0000000000,0.2376000272
2539.0000000000,0.5513511123
2540.0000000000,0.0724289074
2541.0000000000,0.1585193423
2542.0000000000,0.1078161888
2543.0000000000,0.3497740729
2544.0000000000,0.6072943614
2545.0000000000,0.1142620923
2546.0000000000,0.2635825072
2547.0000000000,0.6000776554
2548.0000000000,0.1279224526
2549.0000000000,0.2498783501
2550.0000000000,0.2906738172
2551.0000000000,0.3311529726
2552.0000000000,0.2882660623
2553.0000000000,0.1701725773
2554.0000000000,0.4199084550
2555.0000000000,0.1094493191
2556.0000000000,0.4498878909
2557.0000000000,0.7868943256
2558.0000000000,0.1159698183
2559.0000000000,0.5176596046
2560.0000000000,0.1143998439
2561.0000000000,0.0661032496
2562.0000000000,0.8111090282
2563.0000000000,0.1897845876
2564.0000000000,0.2436798100
2565.0000000000,0.3287304337
2566.0000000000,0.2073168441
2567.0000000000,0.2415290701
2568.0000000000,0.2924792746
2569.0000000000,0.1506494060
2570.0000000000,0.3156482076
2571.0000000000,0.3948832871
2572.0000000000,0.3071616711
2573.0000000000,0.1366375835
2574.0000000000,0.1409849758
2575.0000000000,0.5394680894
2576.0000000000,0.1115283723
2577.0000000000,0.4989736685
2578.0000000000,0.4039127767
2579.0000000000,0.3074936811
2580.0000000000,0.7664634368
2581.0000000000,0.0720795022
2582.0000000000,0.3681499389
2583.0000000000,0.3782051674
2584.0000000000,0.1679098995
2585.0000000000,0.1614691505
2586.0000000000,0.1231879906
2587.0000000000,0.3061103985
2588.0000000000,0.1840911650
2589.0000000000,0.2518259491
2590.0000000000,0.3378332775
2591.0000000000,0.1718839899
2592.0000000000,0.0713617410
2593.0000000000,0.1494920113
2594.0000000000,0.2170847796
2595.0000000000,0.5886144947
2596.0000000000,0.1795116185
2597.0000000000,0.3811150103
2598.0000000000,0.1965443100
2599.0000000000,0.3657516303
2600.0000000000,0.3375798121
2601.0000000000,0.4814065779
2602.0000000000,0.0924113432
2603.0000000000,0.3486708487
2604.0000000000,0.5798053565
2605.0000000000,0.4404161544
2606.0000000000,0.3292408589
2607.0000000000,0.1713994787
2608.0000000000,0.2626988457
2609.0000000000,0.1643363926
2610.0000000000,0.5662935595
2611.0000000000,0.2781061274
2612.0000000000,0.4735405995
2613.0000000000,0.1512398972
2614.0000000000,0.8724619422
2615.0000000000,0.4185765937
2616.0000000000,0.3348695481
2617.0000000000,0.1725526740
2618.0000000000,0.4102593655
2619.0000000000,0.5492250626
2620.0000000000,0.4626802451
2621.0000000000,0.1185911576
2622.0000000000,0.2470498097
2623.0000000000,0.3861373201
2624.0000000000,0.1398818111
2625.0000000000,0.2496000041
2626.0000000000,0.0796728177
2627.0000000000,0.1066078147
2628.0000000000,0.1554907310
2629.0000000000,0.3288745492
2630.0000000000,0.1830032298
2631.0000000000,0.4255049419
2632.0000000000,0.1071760134
2633.0000000000,0.1254043602
2634.0000000000,0.0724762951
2635.0000000000,0.3737823202
2636.0000000000,0.5923272022
2637.0000000000,0.2590760083
2638.0000000000,0.7110680704
2639.0000000000,0.2310490725
2640.0000000000,0.4136377944
2641.0000000000,0.4965848500
2642.0000000000,0.0785911993
2643.0000000000,0.1681298134
2644.0000000000,0.2046526739
2645.0000000000,0.0829015467
2646.0000000000,0.2278913976
2647.0000000000,0.0977539880
2648.0000000000,0.2013469494
2649.0000000000,0.1566590910
2650.0000000000,0.5131216880
2651.0000000000,0.3291237868
2652.0000000000,0.2176164676
2653.0000000000,0.2127571243
2654.0000000000,0.3925117262
2655.0000000000,0.3225151562
2656.0000000000,0.7193937867
2657.0000000000,0.1011794934
2658.0000000000,0.2021754548
2659.0000000000,0.0413813820
2660.0000000000,0.4590279556
2661.0000000000,0.1393825579
2662.0000000000,0.1602399892
2663.0000000000,0.1869400895
2664.0000000000,0.0783276338
2665.0000000000,0.4418717588
2666.0000000000,0.3968277690
2667.0000000000,0.1039790766
2668.0000000000,0.4188403826
2669.0000000000,0.1834408871
2670.0000000000,0.1907342728
2671.0000000000,0.3122935034
2672.0000000000,0.0834987190
2673.0000000000,0.4536210980
2674.0000000000,0.2322910068
2675.0000000000,0.0359692977
2676.0000000000,0.2219052656
2677.0000000000,0.5440159559
2678.0000000000,0.2473851482
2679.0000000000,0.3653261126
2680.0000000000,0.4119953958
2681.0000000000,0.6023574940
2682.0000000000,0.3802252106
2683.0000000000,0.0912018149
2684.0000000000,0.1282793626
2685.0000000000,0.4026842906
2686.0000000000,0.1152349065
2687.0000000000,0.3518013590
2688.0000000000,0.1994666082
2689.0000000000,0.3386991415
2690.0000000000,0.7261074444
2691.0000000000,0.4975210340
2692.0000000000,0.1559795055
2693.0000000000,0.3918556580
2694.0000000000,0.0784879434
2695.0000000000,0.0758313074
2696.0000000000,0.3516202743
2697.0000000000,0.3045574299
2698.0000000000,0.2770277229
2699.0000000000,0.0817800374
2700.0000000000,0.1191662381
2701.0000000000,0.1489996364
2702.0000000000,0.4394219560
2703.0000000000,0.0949644200
2704.0000000000,0.5692130460
2705.0000000000,0.6172833487
2706.0000000000,0.1319504116
2707.0000000000,0.1895986446
2708.0000000000,0.1578918386
2709.0000000000,0.2116785876
2710.0000000000,0.1133294655
2711.0000000000,0.0615424672
2712.0000000000,0.5070507806
2713.0000000000,0.2189016542
2714.0000000000,0.2360513072
2715.0000000000,0.2343469959
2716.0000000000,0.1909905714
2717.0000000000,0.3810691837
2718.0000000000,0.3691116514
2719.0000000000,0.4355871974
2720.0000000000,0.5855936975
2721.0000000000,0.2471445170
2722.0000000000,0.2755309685
2723.0000000000,0.3184254596
2724.0000000000,0.0921340066
2725.0000000000,0.5003282354
2726.0000000000,0.3278063470
2727.0000000000,0.3755442708
2728.0000000000,0.8765507151
2729.0000000000,0.6549234329
2730.0000000000,0.3453404246
2731.0000000000,0.1634492321
2732.0000000000,0.6477509541
2733.0000000000,0.3140284671
2734.0000000000,0.6557486363
2735.0000000000,0.7382256827
2736.0000000000,0.2369148413
2737.0000000000,0.3132658196
2738.0000000000,0.0650684942
2739.0000000000,0.2892326062
2740.0000000000,0.3829812938
2741.0000000000,0.3949339715
2742.0000000000,0.2983360778
2743.0000000000,0.1053566026
2744.0000000000,0.2789474537
2745.0000000000,0.2382440016
2746.0000000000,0.3643922503
2747.0000000000,0.3339659657
2748.0000000000,0.3474467707
2749.0000000000,0.2858934379
2750.0000000000,0.0902221976
2751.0000000000,0.5119618404
2752.0000000000,0.1022540581
2753.0000000000,0.2838853650
2754.0000000000,0.3839678857
2755.0000000000,0.5383393920
2756.0000000000,0.2275318839
2757.0000000000,0.4180578968
2758.0000000000,0.1970545587
2759.0000000000,0.5695252264
2760.0000000000,0.3043543670
2761.0000000000,0.2684001022
2762.0000000000,0.1733693381
2763.0000000000,0.2081626771
2764.0000000000,0.0468316022
2765.0000000000,0.4585036997
2766.0000000000,0.3307510214
2767.0000000000,0.2119573176
2768.0000000000,0.1530957171
2769.0000000000,0.3367415782
2770.0000000000,0.3319107987
2771.0000000000,0.3112508737
2772.0000000000,0.0528544867
2773.0000000000,0.2811556734
2774.0000000000,0.4712891469
2775.0000000000,0.1299827277
2776.0000000000,0.8502209925
2777.0000000000,0.3793511693
2778.0000000000,0.6776324777
2779.0000000000,0.6881487800
2780.0000000000,0.1002728109
2781.0000000000,0.2301977404
2782.0000000000,0.3543577178
2783.0000000000,0.3862557802
2784.0000000000,0.0882376179
2785.0000000000,0.1846971022
2786.0000000000,0.2375143564
2787.0000000000,0.3746294174
2788.0000000000,0.1413131734
2789.0000000000,0.3689544153
2790.0000000000,0.1895807176
2791.0000000000,0.1247766348
2792.0000000000,0.0843965315
2793.0000000000,0.1608509576
2794.0000000000,0.3053442921
2795.0000000000,0.2690713602
2796.0000000000,0.1150856763
2797.0000000000,0.1465790697
2798.0000000000,0.1522373281
2799.0000000000,0.1884599357
2800.0000000000,0.4464884524
2801.0000000000,0.4237340962
2802.0000000000,0.3494771187
2803.0000000000,0.2010472544
2804.0000000000,0.1535723523
2805.0000000000,0.4114108722
2806.0000000000,0.1277459475
2807.0000000000,0.4424701481
2808.0000000000,0.4924703216
2809.0000000000,0.3807041757
2810.0000000000,0.5383073161
2811.0000000000,0.2991643377
2812.0000000000,0.2936927518
2813.0000000000,0.6241828465
2814.0000000000,0.4125974755
2815.0000000000,0.0848678162
2816.0000000000,0.1446005479
2817.0000000000,0.0630084904
2818.0000000000,0.0708042909
2819.0000000000,0.6719086778
2820.0000000000,0.6597848154
2821.0000000000,0.5693193116
2822.0000000000,0.1810054347
2823.0000000000,0.2270237443
2824.0000000000,0.3481303556
2825.0000000000,0.0579058136
2826.0000000000,0.2807414221
2827.0000000000,0.2743126368
2828.0000000000,0.3061508809
2829.0000000000,0.9203173127
2830.0000000000,0.1558109319
2831.0000000000,0.2238769733
2832.0000000000,0.3988509775
2833.0000000000,0.1478915315
2834.0000000000,0.5021344287
2835.0000000000,0.1753949824
2836.0000000000,0.2234189639
2837.0000000000,0.1581093823
2838.0000000000,0.1335970239
2839.0000000000,0.3454392069
2840.0000000000,0.0966010352
2841.0000000000,0.4119874914
2842.0000000000,0.3075188258
2843.0000000000,0.2468566813
2844.0000000000,0.4906260628
2845.0000000000,0.2155305575
2846.0000000000,0.7332794830
2847.0000000000,0.3745035743
2848.0000000000,0.2268260089
2849.0000000000,0.1590120436
2850.0000000000,0.3009427100
2851.0000000000,0.3373745093
2852.0000000000,0.1951715295
2853.0000000000,0.1096744628
2854.0000000000,0.1546249102
2855.0000000000,0.2341075038
2856.0000000000,0.1526044589
2857.0000000000,0.3636194308
2858.0000000000,0.0597826777
2859.0000000000,0.5438382086
2860.0000000000,0.1471464126
2861.0000000000,0.4766868658
2862.0000000000,0.2735839776
2863.0000000000,0.2694865574
2864.0000000000,0.0994485163
2865.0000000000,0.2218203267
2866.0000000000,0.8423175267
2867.0000000000,0.1786726983
2868.0000000000,0.2560019249
2869.0000000000,0.1639587835
2870.0000000000,0.2111276018
2871.0000000000,0.3586968879
2872.0000000000,0.0557026721
2873.0000000000,0.3365027323
2874.0000000000,0.1019561303
2875.0000000000,0.1963436525
2876.0000000000,0.5261354735
2877.0000000000,0.4866947968
2878.0000000000,0.1238132367
2879.0000000000,0.2873601668
2880.0000000000,0.1245300450
2881.0000000000,0.6464111305
2882.0000000000,0.1226998682
2883.0000000000,0.5496919158
2884.0000000000,0.8395489478
2885.0000000000,0.5182006318
2886.0000000000,0.2621418484
2887.0000000000,0.5605801788
2888.0000000000,0.4731821152
2889.0000000000,0.3419498745
2890.0000000000,0.0899952966
2891.0000000000,0.7452761636
2892.0000000000,0.2751189293
2893.0000000000,0.3283949741
2894.0000000000,0.4029850519
2895.0000000000,0.5535939022
2896.0000000000,0.1769602869
2897.0000000000,0.4439307071
2898.0000000000,0.2804291641
2899.0000000000,0.1011287905
2900.0000000000,0.2231679303
2901.0000000000,0.0921452181
2902.0000000000,0.1859626602
2903.0000000000,0.3529518540
2904.0000000000,0.4890795484
2905.0000000000,0.2892754852
2906.0000000000,0.2277495831
2907.0000000000,0.3414841022
2908.0000000000,0.3281880917
2909.0000000000,0.1783015577
2910.0000000000,0.3517211579
2911.0000000000,0.1734944722
2912.0000000000,0.2135012346
2913.0000000000,0.5684319484
2914.0000000000,0.5857162519
2915.0000000000,0.8576658560
2916.0000000000,0.5192468013
2917.0000000000,0.2887525378
2918.0000000000,0.3826362471
2919.0000000000,0.1184693393
2920.0000000000,0.1468479574
2921.0000000000,0.4415671457
2922.0000000000,0.3794642614
2923.0000000000,0.1400281149
2924.0000000000,0.1358364697
2925.0000000000,0.1479087390
2926.0000000000,0.0878257472
2927.0000000000,0.4038424920
2928.0000000000,0.1061259533
2929.0000000000,0.2802518489
2930.0000000000,0.0993265876
2931.0000000000,0.6261887738
2932.0000000000,0.1002088203
2933.0000000000,0.1987102464
2934.0000000000,0.3078330775
2935.0000000000,0.1390415069
2936.0000000000,0.1931251860
2937.0000000000,0.1523023532
2938.0000000000,0.2202248141
2939.0000000000,0.4422788629
2940.0000000000,0.1563422042
2941.0000000000,0.4955751789
2942.0000000000,0.3210430119
2943.0000000000,0.2494270462
2944.0000000000,0.2675802551
2945.0000000000,0.0605064329
2946.0000000000,0.2243654829
2947.0000000000,0.1296994048
2948.0000000000,0.4588152380
2949.0000000000,0.1349299020
2950.0000000000,0.3228606795
2951.0000000000,0.4068277511
2952.0000000000,0.0890780960
2953.0000000000,0.4392855138
2954.0000000000,0.2415105321
2955.0000000000,0.3058328435
2956.0000000000,0.4712934753
2957.0000000000,0.1714326278
2958.0000000000,0.4439312880
2959.0000000000,0.1122209509
2960.0000000000,0.1517764639
2961.0000000000,0.1841488000
2962.0000000000,0.4011357756
2963.0000000000,0.0835028187
2964.0000000000,0.1370492666
2965.0000000000,0.2009599542
2966.0000000000,0.3766215727
2967.0000000000,0.0953406485
2968.0000000000,0.2808311966
2969.0000000000,0.1763608979
2970.0000000000,0.2842183503
2971.0000000000,0.1552119753
2972.0000000000,0.2070001268
2973.0000000000,0.3955316368
2974.0000000000,0.0723870595
2975.0000000000,0.1182841753
2976.0000000000,0.6706245237
2977.0000000000,0.6056606719
2978.0000000000,0.1579667702
2979.0000000000,0.0681470496
2980.0000000000,0.1998942383
2981.0000000000,0.4768924810
2982.0000000000,0.1948737446
2983.0000000000,0.2511704237
2984.0000000000,0.2481240203
2985.0000000000,0.2065526584
2986.0000000000,0.2190289930
2987.0000000000,0.1951220514
2988.0000000000,0.2722671903
2989.0000000000,0.1637036745
2990.0000000000,0.5523114053
2991.0000000000,0.6937003006
2992.0000000000,0.3440067940
2993.0000000000,0.1708282866
2994.0000000000,0.2723380285
2995.0000000000,0.4456715753
2996.0000000000,0.3806035877
2997.0000000000,0.0843577271
2998.0000000000,0.0407620614
2999.0000000000,0.2244272548
3000.0000000000,0.2351561616
3001.0000000000,0.2136840776
3002.0000000000,0.6328455390
3003.0000000000,0.4173644948
3004.0000000000,0.3125908462
3005.0000000000,0.2306327274
3006.0000000000,0.0844576425
3007.0000000000,0.2431128905
3008.0000000000,0.0646265814
3009.0000000000,0.2630470513
3010.0000000000,0.1264919391
3011.0000000000,0.3253324484
3012.0000000000,0.1803110942
3013.0000000000,0.3794867787
3014.0000000000,0.0418564180
3015.0000000000,0.1295001800
3016.0000000000,0.6098151756
3017.0000000000,0.0514041887
3018.0000000000,0.4106690399
3019.0000000000,0.1121288804
3020.0000000000,0.1094411126
3021.0000000000,0.4370748910
3022.0000000000,0.4218529279
3023.0000000000,0.3438450191
3024.0000000000,0.3161262262
3025.0000000000,0.4887201715
3026.0000000000,0.3217816695
3027.0000000000,0.0716308147
3028.0000000000,0.0796742137
3029.0000000000,0.2702378011
3030.0000000000,0.6233731202
3031.0000000000,0.2470416595
3032.0000000000,0.4904037020
3033.0000000000,0.2450204339
3034.0000000000,0.1196765576
3035.0000000000,0.1011861530
3036.0000000000,0.5215581759
3037.0000000000,0.2215059619
3038.0000000000,0.2991554979
3039.0000000000,0.1040094629
3040.0000000000,0.4182324551
3041.0000000000,0.1111692365
3042.0000000000,0.0630673622
3043.0000000000,0.4552623003
3044.0000000000,0.1215570469
3045.0000000000,0.1728552633
3046.0000000000,0.1088081443
3047.0000000000,0.3901582616
3048.0000000000,0.1579292688
3049.0000000000,0.2095386904
3050.0000000000,0.2890876472
3051.0000000000,0.3791519285
3052.0000000000,0.3029688382
3053.0000000000,0.2865578393
3054.0000000000,0.4222590936
3055.0000000000,0.2867355307
3056.0000000000,0.5607561278
3057.0000000000,0.4307265631
3058.0000000000,0.2804316985
3059.0000000000,0.3132778070
3060.0000000000,0.0537168593
3061.0000000000,0.0808451984
3062.0000000000,0.3361921254
3063.0000000000,0.2622146331
3064.0000000000,0.3018060415
3065.0000000000,0.2812208273
3066.0000000000,0.2715929881
3067.0000000000,0.3588635354
3068.0000000000,0.4104930990
3069.0000000000,0.3209191668
3070.0000000000,0.5036227210
3071.0000000000,0.3893722489
3072.0000000000,0.4783545607
3073.0000000000,0.1987936338
3074.0000000000,0.2795719487
3075.0000000000,0.5763009018
3076.0000000000,0.0893550162
3077.0000000000,0.6773928599
3078.0000000000,0.3693039450
3079.0000000000,0.2154500654
3080.0000000000,0.0781198812
3081.0000000000,0.3933914245
3082.0000000000,0.1853957979
3083.0000000000,0.3582224820
3084.0000000000,0.1645942949
3085.0000000000,0.2288130377
3086.0000000000,0.2574351522
3087.0000000000,0.2269554145
3088.0000000000,0.3086125711
3089.0000000000,0.3374644815
3090.0000000000,0.4171050319
3091.0000000000,0.0775726622
3092.0000000000,0.1530125503
3093.0000000000,0.5157656941
3094.0000000000,0.6900075333
3095.0000000000,0.4410566164
3096.0000000000,0.6280377819
3097.0000000000,0.6333028527
3098.0000000000,0.6388720664
3099.0000000000,0.3480620325
3100.0000000000,0.1143073975
3101.0000000000,0.2625811419
3102.0000000000,0.5153090607
3103.0000000000,0.6298054062
3104.0000000000,0.3049736004
3105.0000000000,0.3028403225
3106.0000000000,0.3323123018
3107.0000000000,0.4455978979
3108.0000000000,0.3154440206
3109.0000000000,0.4072462834
3110.0000000000,0.8178448758
3111.0000000000,0.2687351421
3112.0000000000,0.3014606062
3113.0000000000,0.4360802074
3114.0000000000,0.2456081586
3115.0000000000,0.6276609125
3116.0000000000,0.0641874184
3117.0000000000,0.3628269334
3118.0000000000,0.3334055039
3119.0000000000,0.2361883042
3120.0000000000,0.1949732623
3121.0000000000,0.0599314368
3122.0000000000,0.2940995245
3123.0000000000,0.3384275592
3124.0000000000,0.2433518642
3125.0000000000,0.3702899466
3126.0000000000,0.5493718531
3127.0000000000,0.1220717314
3128.0000000000,0.0718582357
3129.0000000000,0.0531152680
3130.0000000000,0.0566920531
3131.0000000000,0.2762795300
3132.0000000000,0.3885644280
3133.0000000000,0.1034069063
3134.0000000000,0.2384740458
3135.0000000000,0.0606125420
3136.0000000000,0.3469643538
3137.0000000000,0.2208787619
3138.0000000000,0.1714230662
3139.0000000000,0.2112606102
3140.0000000000,0.0938830662
3141.0000000000,0.1953028239
3142.0000000000,0.3344897951
3143.0000000000,0.0891265537
3144.0000000000,0.3275533231
3145.0000000000,0.4130142145
3146.0000000000,0.1468686000
3147.0000000000,0.7220892521
3148.0000000000,0.2024279119
3149.0000000000,0.2821789985
3150.0000000000,0.3977409147
3151.0000000000,0.1169772998
3152.0000000000,0.2419189225
3153.0000000000,0.0620235998
3154.0000000000,0.3924323686
3155.0000000000,0.6065856174
3156.0000000000,0.0776852276
3157.0000000000,0.2518771704
3158.0000000000,0.0964193354
3159.0000000000,0.1070894092
3160.0000000000,0.1255635852
3161.0000000000,0.1680224615
3162.0000000000,0.6492421980
3163.0000000000,0.8440352592
3164.0000000000,0.1764806379
3165.0000000000,0.2151972588
3166.0000000000,0.5020447736
3167.0000000000,0.2123193005
3168.0000000000,0.2250225240
3169.0000000000,0.2257200127
3170.0000000000,0.5954161188
3171.0000000000,0.2889151739
3172.0000000000,0.2179905661
3173.0000000000,0.2319547656
3174.0000000000,0.5449855828
3175.0000000000,0.1973635073
3176.0000000000,0.0526313467
3177.0000000000,0.7799800438
3178.0000000000,0.4788220935
3179.0000000000,0.3526065883
3180.0000000000,0.1237552508
3181.0000000000,0.2705017674
3182.0000000000,0.2362546159
3183.0000000000,0.8096862060
3184.0000000000,0.2448013063
3185.0000000000,0.3337591717
3186.0000000000,0.2912157698
3187.0000000000,0.3007197739
3188.0000000000,0.1734001241
3189.0000000000,0.5941592563
3190.0000000000,0.5207053870
3191.0000000000,0.6587385823
3192.0000000000,0.0781749857
3193.0000000000,0.3742093212
3194.0000000000,0.4573126796
3195.0000000000,0.2352937085
3196.0000000000,0.0930222273
3197.0000000000,0.3043352270
3198.0000000000,0.0802847613
3199.0000000000,0.5705530616
3200.0000000000,0.0978355106
3201.0000000000,0.4905210236
3202.0000000000,0.6488379903
3203.0000000000,0.1186831091
3204.0000000000,0.1402107797
3205.0000000000,0.2238769626
3206.0000000000,0.1187494352
3207.0000000000,0.1720895863
3208.0000000000,0.1610364374
3209.0000000000,0.0398395035
3210.0000000000,0.0901174979
3211.0000000000,0.3587421880
3212.0000000000,0.7118444970
3213.0000000000,0.1094375681
3214.0000000000,0.2358041852
3215.0000000000,0.5524972282
3216.0000000000,0.4154981972
3217.0000000000,0.1910010401
3218.0000000000,0.0757250743
3219.0000000000,0.1958874191
3220.0000000000,0.2216556641
3221.0000000000,0.1465217661
3222.0000000000,0.7027543249
3223.0000000000,0.3006149515
3224.0000000000,0.6599422842
3225.0000000000,0.3471604290
3226.0000000000,0.1435444670
3227.0000000000,0.2403392674
3228.0000000000,0.3709247454
3229.0000000000,0.3284021812
3230.0000000000,0.2708099421
3231.0000000000,0.1410247508
3232.0000000000,0.1538105745
3233.0000000000,0.1356569174
3234.0000000000,0.4441974513
3235.0000000000,0.4086951122
3236.0000000000,0.4359737441
3237.0000000000,0.2250802042
3238.0000000000,0.1122259590
3239.0000000000,0.2247419663
3240.0000000000,0.3520713330
3241.0000000000,0.3860859406
3242.0000000000,0.3405356799
3243.0000000000,0.2027325454
3244.0000000000,0.6163671970
3245.0000000000,0.0957733429
3246.0000000000,0.0903528702
3247.0000000000,0.0382063709
3248.0000000000,0.2387426251
3249.0000000000,0.3437928654
3250.0000000000,0.4615753356
3251.0000000000,0.3746350315
3252.0000000000,0.4233024145
3253.0000000000,0.1933788548
3254.0000000000,0.1251161971
3255.0000000000,0.0692097212
3256.0000000000,0.1894533260
3257.0000000000,0.1115173106
3258.0000000000,0.4924337032
3259.0000000000,0.6499356626
3260.0000000000,0.2322421157
3261.0000000000,0.1125033544
3262.0000000000,0.1685411266
3263.0000000000,0.7843681191
3264.0000000000,0.1322485979
3265.0000000000,0.2269444880
3266.0000000000,0.1804693640
3267.0000000000,0.1715725456
3268.0000000000,0.2356752351
3269.0000000000,0.0579650593
3270.0000000000,0.0827495696
3271.0000000000,0.2447520820
3272.0000000000,0.3316007942
3273.0000000000,0.2848633552
3274.0000000000,0.1034879466
3275.0000000000,0.5852206810
3276.0000000000,0.1712075045
3277.0000000000,0.2588791244
3278.0000000000,0.2667853196
3279.0000000000,0.6503703713
3280.0000000000,0.2442512191
3281.0000000000,0.3759645075
3282.0000000000,0.3095993436
3283.0000000000,0.3488350253
3284.0000000000,0.4576342685
3285.0000000000,0.2881956746
3286.0000000000,0.1655335319
3287.0000000000,0.5656916461
3288.0000000000,0.4952827093
3289.0000000000,0.0920502292
3290.0000000000,0.2342325760
3291.0000000000,0.4686724828
3292.0000000000,0.2525609522
3293.0000000000,0.1008672872
3294.0000000000,0.2523184839
3295.0000000000,0.0772653394
3296.0000000000,0.1877812609
3297.0000000000,0.4663105094
3298.0000000000,0.5998572301
3299.0000000000,0.5222319520
3300.0000000000,0.2337804861
3301.0000000000,0.4685841100
3302.0000000000,0.2929955253
3303.0000000000,0.6409865491
3304.0000000000,0.1758836964
3305.0000000000,0.1670551781
3306.0000000000,0.1601248670
3307.0000000000,0.2633142205
3308.0000000000,0.1775906388
3309.0000000000,0.4098646856
3310.0000000000,0.6316239899
3311.0000000000,0.2086280139
3312.0000000000,0.2073726453
3313.0000000000,0.1862435356
3314.0000000000,0.1736914126
3315.0000000000,0.3871333616
3316.0000000000,0.0797362019
3317.0000000000,0.4474071955
3318.0000000000,0.0757161889
3319.0000000000,0.0755211327
3320.0000000000,0.4012328130
3321.0000000000,0.0448308331
3322.0000000000,0.2037558427
3323.0000000000,0.4133285689
3324.0000000000,0.3295661472
3325.0000000000,0.5797584560
3326.0000000000,0.1082341863
3327.0000000000,0.0692734068
3328.0000000000,0.2823887719
3329.0000000000,0.2674932880
3330.0000000000,0.2236565135
3331.0000000000,0.1521408572
3332.0000000000,0.7042284900
3333.0000000000,0.1179193247
3334.0000000000,0.2331242875
3335.0000000000,0.1221925417
3336.0000000000,0.0690384442
3337.0000000000,0.0837460530
3338.0000000000,0.5644277162
3339.0000000000,0.5973028694
3340.0000000000,0.5341668580
3341.0000000000,0.4555731523
3342.0000000000,0.3100185930
3343.0000000000,0.3651207460
3344.0000000000,0.1884374585
3345.0000000000,0.4761676127
3346.0000000000,0.1977085596
3347.0000000000,0.1428599895
3348.0000000000,0.4711287141
3349.0000000000,0.1304620898
3350.0000000000,0.4957558924
3351.0000000000,0.1260628428
3352.0000000000,0.3813117434
3353.0000000000,0.3718779423
3354.0000000000,0.3618962290
3355.0000000000,0.7061396027
3356.0000000000,0.2380822709
3357.0000000000,0.3572922629
3358.0000000000,0.4915392102
3359.0000000000,0.4515873520
3360.0000000000,0.1857660251
3361.0000000000,0.2916572432
3362.0000000000,0.3546781508
3363.0000000000,0.4956895108
3364.0000000000,0.2515030646
3365.0000000000,0.1091544803
3366.0000000000,0.4130410880
3367.0000000000,0.4018498076
3368.0000000000,0.6551685000
3369.0000000000,0.1992663393
3370.0000000000,0.1044329899
3371.0000000000,0.1063572549
3372.0000000000,0.4094238313
3373.0000000000,0.1473794102
3374.0000000000,0.2835142271
3375.0000000000,0.5875996947
3376.0000000000,0.3636834124
3377.0000000000,0.3478825347
3378.0000000000,0.3299188287
3379.0000000000,0.0625515433
3380.0000000000,0.3227448061
3381.0000000000,0.6157994828
3382.0000000000,0.3805882524
3383.0000000000,0.4455810061
3384.0000000000,0.7587688791
3385.0000000000,0.1627919315
3386.0000000000,0.2801197509
3387.0000000000,0.1239089708
3388.0000000000,0.6306879636
3389.0000000000,0.2691526998
3390.0000000000,0.0691901330
3391.0000000000,0.1528187694
3392.0000000000,0.2851803658
3393.0000000000,0.0650972741
3394.0000000000,0.2155960040
3395.0000000000,0.5590000471
3396.0000000000,0.2689456091
3397.0000000000,0.0823433849
3398.0000000000,0.1447177354
3399.0000000000,0.4522563665
3400.0000000000,0.6255746850
3401.0000000000,0.0515692055
3402.0000000000,0.1643701615
3403.0000000000,0.1444246645
3404.0000000000,0.2478905246
3405.0000000000,0.1055834197
3406.0000000000,0.1334913610
3407.0000000000,0.5902740095
3408.0000000000,0.5590913858
3409.0000000000,0.1706657170
3410.0000000000,0.0907319091
3411.0000000000,0.3277267352
3412.0000000000,0.6623056399
3413.0000000000,0.2607051780
3414.0000000000,0.1552001886
3415.0000000000,0.4861699142
3416.0000000000,0.4109540682
3417.0000000000,0.3591001415
3418.0000000000,0.0768249346
3419.0000000000,0.2569121338
3420.0000000000,0.3242064574
3421.0000000000,0.4397854022
3422.0000000000,0.0924306715
3423.0000000000,0.3862456971
3424.0000000000,0.1151146638
3425.0000000000,0.1724783040
3426.0000000000,0.0628820393
3427.0000000000,0.3492898239
3428.0000000000,0.2506195947
3429.0000000000,0.6559275053
3430.0000000000,0.1636845867
3431.0000000000,0.4821683579
3432.0000000000,0.2502017908
3433.0000000000,0.4184803787
3434.0000000000,0.5426205046
3435.0000000000,0.2017743584
3436.0000000000,0.2778135619
3437.0000000000,0.2551465648
3438.0000000000,0.3347562580
3439.0000000000,0.2029351565
3440.0000000000,0.0797970156
3441.0000000000,0.3057627813
3442.0000000000,0.3522973808
3443.0000000000,0.0905226481
3444.0000000000,0.5356562621
3445.0000000000,0.4494853300
3446.0000000000,0.2762024426
3447.0000000000,0.2954248343
3448.0000000000,0.0554843967
3449.0000000000,0.4815358197
3450.0000000000,0.5687385342
3451.0000000000,0.2173279955
3452.0000000000,0.3444361469
3453.0000000000,0.1878793198
3454.0000000000,0.2192642910
3455.0000000000,0.0980858091
3456.0000000000,0.5862559778
3457.0000000000,0.1297656095
3458.0000000000,0.5958062904
3459.0000000000,0.1675846239
3460.0000000000,0.1492228209
3461.0000000000,0.2163358128
3462.0000000000,0.4511948343
3463.0000000000,0.4737868986
3464.0000000000,0.1886366780
3465.0000000000,0.2218782925
3466.0000000000,0.1585447904
3467.0000000000,0.1040501837
3468.0000000000,0.1867332867
3469.0000000000,0.1144915682
3470.0000000000,0.1054761520
3471.0000000000,0.1724868419
3472.0000000000,0.6359870943
3473.0000000000,0.0942318222
3474.0000000000,0.0764294466
3475.0000000000,0.3508112671
3476.0000000000,0.3154153280
3477.0000000000,0.6171002522
3478.0000000000,0.5321323631
3479.0000000000,0.1410755145
3480.0000000000,0.1535747132
3481.0000000000,0.4332333507
3482.0000000000,0.2535703146
3483.0000000000,0.1967608761
3484.0000000000,0.2055098849
3485.0000000000,0.3423012978
3486.0000000000,0.5399554686
3487.0000000000,0.2554579693
3488.0000000000,0.1086038312
3489.0000000000,0.6032917379
3490.0000000000,0.4803905011
3491.0000000000,0.5456257161
3492.0000000000,0.5268974050
3493.0000000000,0.2992110967
3494.0000000000,0.5023591601
3495.0000000000,0.2788620993
3496.0000000000,0.1485095849
3497.0000000000,0.2157611846
3498.0000000000,0.5813298478
3499.0000000000,0.4478472983
3500.0000000000,0.2250867568
3501.0000000000,0.1632088638
3502.0000000000,0.1455453679
3503.0000000000,0.0850473384
3504.0000000000,0.2644294144
3505.0000000000,0.0567872601
3506.0000000000,0.4466312127
3507.0000000000,0.3160113364
3508.0000000000,0.4070465520
3509.0000000000,0.2743599804
3510.0000000000,0.0608896773
3511.0000000000,0.1465005498
3512.0000000000,0.3942721605
3513.0000000000,0.5800914132
3514.0000000000,0.2958777800
3515.0000000000,0.2554357643
3516.0000000000,0.2077993332
3517.0000000000,0.5580798548
3518.0000000000,0.1999410649
3519.0000000000,0.2511054351
3520.0000000000,0.2014061928
3521.0000000000,0.2492583375
3522.0000000000,0.3904909539
3523.0000000000,0.2068940040
3524.0000000000,0.1807973613
3525.0000000000,0.1792608604
3526.0000000000,0.0870342469
3527.0000000000,0.2558341242
3528.0000000000,0.3054401195
3529.0000000000,0.1016458349
3530.0000000000,0.1898057360
3531.0000000000,0.1174794925
3532.0000000000,0.2130170029
3533.0000000000,0.3144722037
3534.0000000000,0.2686866991
3535.0000000000,0.2245122720
3536.0000000000,0.1901183863
3537.0000000000,0.2137574372
3538.0000000000,0.4222012943
3539.0000000000,0.0796986276
3540.0000000000,0.4617018549
3541.0000000000,0.1521514449
3542.0000000000,0.2291980206
3543.0000000000,0.3025445239
3544.0000000000,0.1979466125
3545.0000000000,0.1108401703
3546.0000000000,0.1545928189
3547.0000000000,0.1260186103
3548.0000000000,0.0701729507
3549.0000000000,0.4044393008
3550.0000000000,0.4667169684
3551.0000000000,0.0860964962
3552.0000000000,0.2005642083
3553.0000000000,0.3049658384
3554.0000000000,0.2852222267
3555.0000000000,0.2694160042
3556.0000000000,0.5694278749
3557.0000000000,0.5071858351
3558.0000000000,0.3184036410
3559.0000000000,0.3895442262
3560.0000000000,0.1868509468
3561.0000000000,0.0935021044
3562.0000000000,0.2214056816
3563.0000000000,0.2176327414
3564.0000000000,0.1168567494
3565.0000000000,0.0391816858
3566.0000000000,0.2113704504
3567.0000000000,0.0702115401
3568.0000000000,0.2425969635
3569.0000000000,0.2277818828
3570.0000000000,0.3543735761
3571.0000000000,0.1059344901
3572.0000000000,0.2673087607
3573.0000000000,0.0614579021
3574.0000000000,0.2117071709
3575.0000000000,0.3775873133
3576.0000000000,0.2528868211
3577.0000000000,0.0424084654
3578.0000000000,0.4524746095
3579.0000000000,0.1735977344
3580.0000000000,0.6665969590
3581.0000000000,0.2944829401
3582.0000000000,0.0709785716
3583.0000000000,0.6521068405
3584.0000000000,0.1120549231
3585.0000000000,0.5204260219
3586.0000000000,0.0631246722
3587.0000000000,0.2144585700
3588.0000000000,0.2479360026
3589.0000000000,0.2171095618
3590.0000000000,0.5512507982
3591.0000000000,0.1651569485
3592.0000000000,0.1583064455
3593.0000000000,0.5703661985
3594.0000000000,0.4286886515
3595.0000000000,0.1810433401
3596.0000000000,0.2597122733
3597.0000000000,0.1707389526
3598.0000000000,0.2235541646
3599.0000000000,0.6685783484
3600.0000000000,0.0688443901
3601.0000000000,0.0805555878
3602.0000000000,0.5056672113
3603.0000000000,0.6562032419
3604.0000000000,0.4820877424
3605.0000000000,0.4372520427
3606.0000000000,0.2187535775
3607.0000000000,0.2307041104
3608.0000000000,0.6317786573
3609.0000000000,0.6322122714
3610.0000000000,0.0579621486
3611.0000000000,0.0372768163
3612.0000000000,0.3647127084
3613.0000000000,0.1350825474
3614.0000000000,0.2398443871
3615.0000000000,0.2198650028
3616.0000000000,0.6573402447
3617.0000000000,0.4087679219
3618.0000000000,0.1574365012
3619.0000000000,0.3343890874
3620.0000000000,0.2149653518
3621.0000000000,0.2263240570
3622.0000000000,0.0898444198
3623.0000000000,0.3964507859
3624.0000000000,0.2982859579
3625.0000000000,0.2614460718
3626.0000000000,0.0700675005
3627.0000000000,0.1453717310
3628.0000000000,0.5591584229
3629.0000000000,0.4521503263
3630.0000000000,0.4903308631
3631.0000000000,0.3674996568
3632.0000000000,0.4966930678
3633.0000000000,0.0635047787
3634.0000000000,0.0830894266
3635.0000000000,0.0291078896
3636.0000000000,0.1924689968
3637.0000000000,0.1159376210
3638.0000000000,0.3582964360
3639.0000000000,0.2809593949
3640.0000000000,0.2774143733
3641.0000000000,0.5185872739
3642.0000000000,0.3506909374
3643.0000000000,0.2638399145
3644.0000000000,0.3871190060
3645.0000000000,0.1203410567
3646.0000000000,0.1716076570
3647.0000000000,0.3517915295
3648.0000000000,0.3505698101
3649.0000000000,0.2695556417
3650.0000000000,0.4073560905
3651.0000000000,0.3301825039
3652.0000000000,0.3156434029
3653.0000000000,0.1658235281
3654.0000000000,0.1546032641
3655.0000000000,0.1584549754
3656.0000000000,0.1553846513
3657.0000000000,0.5428578789
3658.0000000000,0.3651955715
3659.0000000000,0.2272830429
3660.0000000000,0.2196478016
3661.0000000000,0.1432873373
3662.0000000000,0.3647974494
3663.0000000000,0.1375881614
3664.0000000000,0.5748532547
3665.0000000000,0.1755309865
3666.0000000000,0.0751913879
3667.0000000000,0.2212878540
3668.0000000000,0.1009715786
3669.0000000000,0.1020212287
3670.0000000000,0.0609912860
3671.0000000000,0.2563031972
3672.0000000000,0.2412598048
3673.0000000000,0.3455251338
3674.0000000000,0.3995997981
3675.0000000000,0.3898810440
3676.0000000000,0.3457421862
3677.0000000000,0.1161655029
3678.0000000000,0.1827245324
3679.0000000000,0.4582465420
3680.0000000000,0.2886545569
3681.0000000000,0.2058068568
3682.0000000000,0.2304834660
3683.0000000000,0.2227096404
3684.0000000000,0.2940815624
3685.0000000000,0.4528871618
3686.0000000000,0.1273469572
3687.0000000000,0.3398408146
3688.0000000000,0.0802931668
3689.0000000000,0.7272513757
3690.0000000000,0.7018189107
3691.0000000000,0.6139795500
3692.0000000000,0.1163488550
3693.0000000000,0.0661324000
3694.0000000000,0.2652528221
3695.0000000000,0.1616426556
3696.0000000000,0.4019921358
3697.0000000000,0.2962730211
3698.0000000000,0.1159345852
3699.0000000000,0.4289596151
3700.0000000000,0.2902072683
3701.0000000000,0.3906644704
3702.0000000000,0.3818213847
3703.0000000000,0.1829759349
3704.0000000000,0.0820262512
3705.0000000000,0.0411957755
3706.0000000000,0.3884025080
3707.0000000000,0.4855535932
3708.0000000000,0.3749079062
3709.0000000000,0.1921313017
3710.0000000000,0.2276610311
3711.0000000000,0.3740461854
3712.0000000000,0.1761000799
3713.0000000000,0.3150497501
3714.0000000000,0.1563501544
3715.0000000000,0.2045848414
3716.0000000000,0.2966508142
3717.0000000000,0.1410539818
3718.0000000000,0.1767150567
3719.0000000000,0.1151442615
3720.0000000000,0.2575948598
3721.0000000000,0.1436265330
3722.0000000000,0.0295608772
3723.0000000000,0.1324092232
3724.0000000000,0.6608918022
3725.0000000000,0.2425014144
3726.0000000000,0.4985203927
3727.0000000000,0.4948870615
3728.0000000000,0.3330768306
3729.0000000000,0.2413955366
3730.0000000000,0.6984750273
3731.0000000000,0.4660916510
3732.0000000000,0.2559020239
3733.0000000000,0.5317756949
3734.0000000000,0.3811685697
3735.0000000000,0.1453826238
3736.0000000000,0.2467048112
3737.0000000000,0.3550009096
3738.0000000000,0.0618905750
3739.0000000000,0.1659390313
3740.0000000000,0.3609734999
3741.0000000000,0.5202435432
3742.0000000000,0.2861044183
3743.0000000000,0.5427642048
3744.0000000000,0.1368250958
3745.0000000000,0.6775864251
3746.0000000000,0.1569984874
3747.0000000000,0.4227383787
3748.0000000000,0.3635082437
3749.0000000000,0.1486870141
3750.0000000000,0.6338861646
3751.0000000000,0.3776449577
3752.0000000000,0.4404946956
3753.0000000000,0.6520983407
3754.0000000000,0.4659943406
3755.0000000000,0.3145881628
3756.0000000000,0.7602543768
3757.0000000000,0.1118429256
3758.0000000000,0.2767413093
3759.0000000000,0.7157594120
3760.0000000000,0.2386432635
3761.0000000000,0.0957726823
3762.0000000000,0.1636877342
3763.0000000000,0.2407248599
3764.0000000000,0.9029121461
3765.0000000000,0.5310733688
3766.0000000000,0.2885778832
3767.0000000000,0.4121532790
3768.0000000000,0.5924544671
3769.0000000000,0.2035953334
3770.0000000000,0.4447218429
3771.0000000000,0.3417185748
3772.0000000000,0.3984692342
3773.0000000000,0.0834760900
3774.0000000000,0.4732581896
3775.0000000000,0.1888983181
3776.0000000000,0.3988619251
3777.0000000000,0.4370256063
3778.0000000000,0.3711655251
3779.0000000000,0.1224290772
3780.0000000000,0.3231179958
3781.0000000000,0.7746213302
3782.0000000000,0.5684708478
3783.0000000000,0.2264115983
3784.0000000000,0.5322170392
3785.0000000000,0.2608731640
3786.0000000000,0.1027848053
3787.0000000000,0.2635290087
3788.0000000000,0.1420874428
3789.0000000000,0.4604326146
3790.0000000000,0.5118477112
3791.0000000000,0.4105378743
3792.0000000000,0.3156281068
3793.0000000000,0.6354240354
3794.0000000000,0.1416635415
3795.0000000000,0.4089410484
3796.0000000000,0.4714837910
3797.0000000000,0.4167989482
3798.0000000000,0.1330371654
3799.0000000000,0.1872098337
3800.0000000000,0.1262492949
3801.0000000000,0.6050092633
3802.0000000000,0.3636574208
3803.0000000000,0.5197901299
3804.0000000000,0.3004758798
3805.0000000000,0.5838763894
3806.0000000000,0.3565317104
3807.0000000000,0.2608515357
3808.0000000000,0.1287340197
3809.0000000000,0.3703451575
3810.0000000000,0.3932438153
3811.0000000000,0.2590198405
3812.0000000000,0.1765914022
3813.0000000000,0.1205513862
3814.0000000000,0.3671650430
3815.0000000000,0.3283595761
3816.0000000000,0.1840275476
3817.0000000000,0.5120877768
3818.0000000000,0.0368446684
3819.0000000000,0.1948134095
3820.0000000000,0.5666748828
3821.0000000000,0.1170224949
3822.0000000000,0.0907907268
3823.0000000000,0.1066935784
3824.0000000000,0.0776992953
3825.0000000000,0.1088093477
3826.0000000000,0.2952684842
3827.0000000000,0.1102042261
3828.0000000000,0.2009606341
3829.0000000000,0.1737913892
3830.0000000000,0.2351889436
3831.0000000000,0.2021731079
3832.0000000000,0.4126447432
3833.0000000000,0.1121304108
3834.0000000000,0.5649945651
3835.0000000000,0.7283735456
3836.0000000000,0.4256751761
3837.0000000000,0.4421978534
3838.0000000000,0.1291728322
3839.0000000000,0.3329281228
3840.0000000000,0.1873080785
3841.0000000000,0.1359914957
3842.0000000000,0.2680745822
3843.0000000000,0.0293375040
3844.0000000000,0.4314677716
3845.0000000000,0.1065365547
3846.0000000000,0.1319225293
3847.0000000000,0.2023071240
3848.0000000000,0.2073169799
3849.0000000000,0.1181407792
3850.0000000000,0.1324741483
3851.0000000000,0.1978550186
3852.0000000000,0.0844095905
3853.0000000000,0.6391163261
3854.0000000000,0.2451526998
3855.0000000000,0.2776088796
3856.0000000000,0.4271483569
3857.0000000000,0.6952077908
3858.0000000000,0.2964909357
3859.0000000000,0.2607154380
3860.0000000000,0.0822002838
3861.0000000000,0.0664725797
3862.0000000000,0.0996839943
3863.0000000000,0.5601806166
3864.0000000000,0.1130305116
3865.0000000000,0.1372606156
3866.0000000000,0.1637277443
3867.0000000000,0.5076025952
3868.0000000000,0.2574054154
3869.0000000000,0.1581987347
3870.0000000000,0.1401074589
3871.0000000000,0.3593214317
3872.0000000000,0.6365264834
3873.0000000000,0.1604388494
3874.0000000000,0.3926712479
3875.0000000000,0.4163486955
3876.0000000000,0.5069196799
3877.0000000000,0.8531817175
3878.0000000000,0.2498687095
3879.0000000000,0.2830990674
3880.0000000000,0.2916145361
3881.0000000000,0.2569442131
3882.0000000000,0.4737843819
3883.0000000000,0.1459968581
3884.0000000000,0.7237707458
3885.0000000000,0.1212410414
3886.0000000000,0.4943390419
3887.0000000000,0.0729729738
3888.0000000000,0.7076179528
3889.0000000000,0.5223202933
3890.0000000000,0.3722159374
3891.0000000000,0.3929290539
3892.0000000000,0.1305293811
3893.0000000000,0.4824946763
3894.0000000000,0.1126611694
3895.0000000000,0.2592629928
3896.0000000000,0.1083658840
3897.0000000000,0.3708810162
3898.0000000000,0.0817524786
3899.0000000000,0.1946219173
3900.0000000000,0.1846781311
3901.0000000000,0.2362122870
3902.0000000000,0.1622313201
3903.0000000000,0.1343840891
3904.0000000000,0.1657033513
3905.0000000000,0.1192953939
3906.0000000000,0.2150746338
3907.0000000000,0.2901954488
3908.0000000000,0.1953313422
3909.0000000000,0.6954410577
3910.0000000000,0.1069726110
3911.0000000000,0.2430772644
3912.0000000000,0.0801763592
3913.0000000000,0.5933463644
3914.0000000000,0.3467699956
3915.0000000000,0.3906295971
3916.0000000000,0.0379875021
3917.0000000000,0.6327452350
3918.0000000000,0.0816690235
3919.0000000000,0.5380241058
3920.0000000000,0.2492560057
3921.0000000000,0.0629416265
3922.0000000000,0.2186007114
3923.0000000000,0.1039567018
3924.0000000000,0.2495635897
3925.0000000000,0.4519642090
3926.0000000000,0.4195665803
3927.0000000000,0.3408876975
3928.0000000000,0.1504725276
3929.0000000000,0.6105416265
3930.0000000000,0.0956750974
3931.0000000000,0.0619385802
3932.0000000000,0.2990115151
3933.0000000000,0.1610212516
3934.0000000000,0.3331014974
3935.0000000000,0.4026464478
3936.0000000000,0.0937028038
3937.0000000000,0.2007528283
3938.0000000000,0.4343451995
3939.0000000000,0.2764191655
3940.0000000000,0.1551090709
3941.0000000000,0.1859713365
3942.0000000000,0.2853800180
3943.0000000000,0.6392725531
3944.0000000000,0.2628925183
3945.0000000000,0.5634533267
3946.0000000000,0.1723927647
3947.0000000000,0.3844268586
3948.0000000000,0.2041398416
3949.0000000000,0.2339039232
3950.0000000000,0.2909110908
3951.0000000000,0.1861467520
3952.0000000000,0.5637899793
3953.0000000000,0.3058928107
3954.0000000000,0.3692000105
3955.0000000000,0.0736012450
3956.0000000000,0.2876670144
3957.0000000000,0.2129587337
3958.0000000000,0.2972712269
3959.0000000000,0.2929105164
3960.0000000000,0.0597483383
3961.0000000000,0.3512417390
3962.0000000000,0.6412686616
3963.0000000000,0.3317681474
3964.0000000000,0.0456906334
3965.0000000000,0.1939963909
3966.0000000000,0.2115446619
3967.0000000000,0.3091387225
3968.0000000000,0.4077878541
3969.0000000000,0.1098198824
3970.0000000000,0.4428679966
3971.0000000000,0.0557865967
3972.0000000000,0.1463612554
3973.0000000000,0.3429103949
3974.0000000000,0.1295531799
3975.0000000000,0.4153712227
3976.0000000000,0.1351989261
3977.0000000000,0.4402699372
3978.0000000000,0.3714193661
3979.0000000000,0.1561398001
3980.0000000000,0.3930759453
3981.0000000000,0.1569350446
3982.0000000000,0.2705966222
3983.0000000000,0.4485345829
3984.0000000000,0.4581044623
3985.0000000000,0.6638983788
3986.0000000000,0.1523626631
3987.0000000000,0.0816007516
3988.0000000000,0.4688911352
3989.0000000000,0.6138235126
3990.0000000000,0.4612705904
3991.0000000000,0.1282795111
3992.0000000000,0.0456589161
3993.0000000000,0.1479011433
3994.0000000000,0.2136375701
3995.0000000000,0.7927781709
3996.0000000000,0.3839855013
3997.0000000000,0.5607423681
3998.0000000000,0.3956455206
3999.0000000000,0.2353273667
4000.0000000000,0.5201708899
4001.0000000000,0.1601758036
4002.0000000000,0.1066615473
4003.0000000000,0.4453282500
4004.0000000000,0.1643130168
4005.0000000000,0.1270146705
4006.0000000000,0.0636340108
4007.0000000000,0.5241017111
4008.0000000000,0.2550899501
4009.0000000000,0.4040543785
4010.0000000000,0.1583729549
4011.0000000000,0.3464029758
4012.0000000000,0.0879298372
4013.0000000000,0.1208658439
4014.0000000000,0.0631649595
4015.0000000000,0.3205112376
4016.0000000000,0.0910940559
4017.0000000000,0.1589083162
4018.0000000000,0.4626347641
4019.0000000000,0.5908822424
4020.0000000000,0.3950178731
4021.0000000000,0.0738965139
4022.0000000000,0.3021323495
4023.0000000000,0.1711436921
4024.0000000000,0.1198953976
4025.0000000000,0.1705468874
4026.0000000000,0.1110280548
4027.0000000000,0.4218755693
4028.0000000000,0.3210864227
4029.0000000000,0.1930293272
4030.0000000000,0.4578104148
4031.0000000000,0.2399394372
4032.0000000000,0.1422107417
4033.0000000000,0.2067262886
4034.0000000000,0.2931544473
4035.0000000000,0.2721685047
4036.0000000000,0.2646668078
4037.0000000000,0.1464942825
4038.0000000000,0.4713258148
4039.0000000000,0.4784268106
4040.0000000000,0.3020103225
4041.0000000000,0.0480390961
4042.0000000000,0.6348197434
4043.0000000000,0.1024438075
4044.0000000000,0.1513386584
4045.0000000000,0.5922447285
4046.0000000000,0.4743728109
4047.0000000000,0.2248853256
4048.0000000000,0.1352980813
4049.0000000000,0.5544675609
4050.0000000000,0.1937198151
4051.0000000000,0.2149668043
4052.0000000000,0.7768364256
4053.0000000000,0.5889246092
4054.0000000000,0.1180798120
4055.0000000000,0.2725417459
4056.0000000000,0.1882620089
4057.0000000000,0.6870303339
4058.0000000000,0.2064894487
4059.0000000000,0.2181735067
4060.0000000000,0.6554338772
4061.0000000000,0.1146849892
4062.0000000000,0.6429608524
4063.0000000000,0.3451573813
4064.0000000000,0.0367362720
4065.0000000000,0.1587819871
4066.0000000000,0.2082117806
4067.0000000000,0.3753100598
4068.0000000000,0.3376298082
4069.0000000000,0.5127305730
4070.0000000000,0.3291481396
4071.0000000000,0.3973593450
4072.0000000000,0.1117345730
4073.0000000000,0.6162189018
4074.0000000000,0.1894424975
4075.0000000000,0.1896659071
4076.0000000000,0.1986301840
4077.0000000000,0.4101702178
4078.0000000000,0.2157817594
4079.0000000000,0.3461130405
4080.0000000000,0.1295219388
4081.0000000000,0.1903014517
4082.0000000000,0.6820229694
4083.0000000000,0.2368010495
4084.0000000000,0.0277192949
4085.0000000000,0.1945573875
4086.0000000000,0.7377430474
4087.0000000000,0.6802201872
4088.0000000000,0.1704303902
4089.0000000000,0.3603694945
4090.0000000000,0.4414170689
4091.0000000000,0.1951476691
4092.0000000000,0.1960914803
4093.0000000000,0.4901694163
4094.0000000000,0.2456497587
4095.0000000000,0.1845258771
4096.0000000000,0.1974437406
4097.0000000000,0.3325580712
4098.0000000000,0.4732212962
4099.0000000000,0.1651568220
4100.0000000000,0.4819535156
4101.0000000000,0.2292217864
4102.0000000000,0.4771275740
4103.0000000000,0.6167078165
4104.0000000000,0.1276743896
4105.0000000000,0.4397796670
4106.0000000000,0.3296142346
4107.0000000000,0.1574746548
4108.0000000000,0.1786358320
4109.0000000000,0.0750948521
4110.0000000000,0.1782484846
4111.0000000000,0.4451329949
4112.0000000000,0.5327980806
4113.0000000000,0.5725328860
4114.0000000000,0.2520487313
4115.0000000000,0.2136853970
4116.0000000000,0.1495678806
4117.0000000000,0.3350561811
4118.0000000000,0.1644220065
4119.0000000000,0.3683819724
4120.0000000000,0.0584425039
4121.0000000000,0.1792923725
4122.0000000000,0.4418152425
4123.0000000000,0.2901113834
4124.0000000000,0.6383759891
4125.0000000000,0.1881176078
4126.0000000000,0.2319693811
4127.0000000000,0.3774022813
4128.0000000000,0.5573837363
4129.0000000000,0.2258288677
4130.0000000000,0.1537608368
4131.0000000000,0.1510298075
4132.0000000000,0.0769710943
4133.0000000000,0.0960128386
4134.0000000000,0.1709505106
4135.0000000000,0.4683544582
4136.0000000000,0.1489136047
4137.0000000000,0.4629819509
4138.0000000000,0.4374849962
4139.0000000000,0.1523062151
4140.0000000000,0.0830346698
4141.0000000000,0.2327370892
4142.0000000000,0.2977722514
4143.0000000000,0.6436863310
4144.0000000000,0.5168354363
4145.0000000000,0.3528779024
4146.0000000000,0.0786868595
4147.0000000000,0.1590072620
4148.0000000000,0.1579860172
4149.0000000000,0.3406308889
4150.0000000000,0.3011023209
4151.0000000000,0.3155432792
4152.0000000000,0.0714205553
4153.0000000000,0.1516888035
4154.0000000000,0.0645770919
4155.0000000000,0.3544509184
4156.0000000000,0.4554229792
4157.0000000000,0.1838855361
4158.0000000000,0.2173346584
4159.0000000000,0.2244783891
4160.0000000000,0.2574425666
4161.0000000000,0.8066812498
4162.0000000000,0.1701799971
4163.0000000000,0.2015900615
4164.0000000000,0.1117191100
4165.0000000000,0.7355674263
4166.0000000000,0.0929932946
4167.0000000000,0.4120502934
4168.0000000000,0.7374736677
4169.0000000000,0.4991829108
4170.0000000000,0.0480444336
4171.0000000000,0.0912390514
4172.0000000000,0.1869817485
4173.0000000000,0.2077081106
4174.0000000000,0.1776337596
4175.0000000000,0.5292291347
4176.0000000000,0.2895169559
4177.0000000000,0.1986727895
4178.0000000000,0.2724032582
4179.0000000000,0.2888959697
4180.0000000000,0.1991722461
4181.0000000000,0.0740722468
4182.0000000000,0.8681281524
4183.0000000000,0.2173083969
4184.0000000000,0.1777421882
4185.0000000000,0.4965554396
4186.0000000000,0.2471479488
4187.0000000000,0.4935939477
4188.0000000000,0.2511398565
4189.0000000000,0.5914638951
4190.0000000000,0.6868864418
4191.0000000000,0.4902305551
4192.0000000000,0.2698592916
4193.0000000000,0.1882510540
4194.0000000000,0.6618056740
4195.0000000000,0.2029889172
4196.0000000000,0.2690949835
4197.0000000000,0.1575387618
4198.0000000000,0.6305393718
4199.0000000000,0.5169834532
4200.0000000000,0.1462505948
4201.0000000000,0.4842096726
4202.0000000000,0.2189046292
4203.0000000000,0.1773306827
4204.0000000000,0.3760590262
4205.0000000000,0.3651131814
4206.0000000000,0.6284645464
4207.0000000000,0.0665685543
4208.0000000000,0.1216151967
4209.0000000000,0.2626455555
4210.0000000000,0.4326433484
4211.0000000000,0.4317294097
4212.0000000000,0.3174741536
4213.0000000000,0.1128788893
4214.0000000000,0.3722028774
4215.0000000000,0.4172397062
4216.0000000000,0.1592174103
4217.0000000000,0.4044682977
4218.0000000000,0.3320007254
4219.0000000000,0.1309765990
4220.0000000000,0.0437441806
4221.0000000000,0.1429369856
4222.0000000000,0.6627264656
4223.0000000000,0.1614601645
4224.0000000000,0.2825993255
4225.0000000000,0.1220661180
4226.0000000000,0.0990968766
4227.0000000000,0.4024137103
4228.0000000000,0.4683818274
4229.0000000000,0.4899120455
4230.0000000000,0.1539049902
4231.0000000000,0.1858480115
4232.0000000000,0.0768095843
4233.0000000000,0.4118322002
4234.0000000000,0.2621917195
4235.0000000000,0.1875415147
4236.0000000000,0.7035634495
4237.0000000000,0.5941938299
4238.0000000000,0.8733894456
4239.0000000000,0.1214493927
4240.0000000000,0.6031160134
4241.0000000000,0.3382188517
4242.0000000000,0.3045609741
4243.0000000000,0.1635309554
4244.0000000000,0.5771050391
4245.0000000000,0.2362329990
4246.0000000000,0.0705156656
4247.0000000000,0.1899755093
4248.0000000000,0.3503015943
4249.0000000000,0.4879081526
4250.0000000000,0.1614718171
4251.0000000000,0.4369143523
4252.0000000000,0.6527184182
4253.0000000000,0.3374574583
4254.0000000000,0.0987887865
4255.0000000000,0.2691593651
4256.0000000000,0.4281599986
4257.0000000000,0.1884491951
4258.0000000000,0.2842902792
4259.0000000000,0.1146697714
4260.0000000000,0.1865894786
4261.0000000000,0.4729697070
4262.0000000000,0.3352986475
4263.0000000000,0.3705174081
4264.0000000000,0.5548434571
4265.0000000000,0.4444230964
4266.0000000000,0.4065623741
4267.0000000000,0.0368387487
4268.0000000000,0.1620633692
4269.0000000000,0.1631373902
4270.0000000000,0.1525830881
4271.0000000000,0.1493904490
4272.0000000000,0.1947008646
4273.0000000000,0.1465369131
4274.0000000000,0.2614809263
4275.0000000000,0.2095589588
4276.0000000000,0.3620661301
4277.0000000000,0.1120145735
4278.0000000000,0.0803942765
4279.0000000000,0.1608922821
4280.0000000000,0.3129913687
4281.0000000000,0.1008426070
4282.0000000000,0.0577323111
4283.0000000000,0.2558206833
4284.0000000000,0.1147932806
4285.0000000000,0.0895256210
4286.0000000000,0.2313279402
4287.0000000000,0.1054917946
4288.0000000000,0.4604590443
4289.0000000000,0.0775331046
4290.0000000000,0.0664983857
4291.0000000000,0.6083245301
4292.0000000000,0.1698192891
4293.0000000000,0.1052451507
4294.0000000000,0.1179760982
4295.0000000000,0.2894345735
4296.0000000000,0.3212941696
4297.0000000000,0.1709806524
4298.0000000000,0.1081684780
4299.0000000000,0.1254487366
4300.0000000000,0.3248081009
4301.0000000000,0.5510420111
4302.0000000000,0.0681503549
4303.0000000000,0.3751339366
4304.0000000000,0.1216920219
4305.0000000000,0.4329128361
4306.0000000000,0.1351080162
4307.0000000000,0.2435867749
4308.0000000000,0.3590932461
4309.0000000000,0.3467800158
4310.0000000000,0.4373657194
4311.0000000000,0.1533291261
4312.0000000000,0.4498365158
4313.0000000000,0.1928169230
4314.0000000000,0.4760010823
4315.0000000000,0.3244943987
4316.0000000000,0.4633537911
4317.0000000000,0.2201997226
4318.0000000000,0.1457606390
4319.0000000000,0.2174124211
4320.0000000000,0.1545851161
4321.0000000000,0.7412366300
4322.0000000000,0.0625840443
4323.0000000000,0.3396933345
4324.0000000000,0.4193401549
4325.0000000000,0.2465342901
4326.0000000000,0.2620864228
4327.0000000000,0.2770297450
4328.0000000000,0.2458231257
4329.0000000000,0.1774620288
4330.0000000000,0.2382042691
4331.0000000000,0.0516174384
4332.0000000000,0.2750832680
4333.0000000000,0.1271266399
4334.0000000000,0.1364050792
4335.0000000000,0.2614704694
4336.0000000000,0.2923127682
4337.0000000000,0.4881271478
4338.0000000000,0.1840218138
4339.0000000000,0.0747085813
4340.0000000000,0.0742878804
4341.0000000000,0.3377978307
4342.0000000000,0.2730250214
4343.0000000000,0.3480380791
4344.0000000000,0.1519963902
4345.0000000000,0.1247425358
4346.0000000000,0.0701846769
4347.0000000000,0.2135386326
4348.0000000000,0.1320858313
4349.0000000000,0.1044722080
4350.0000000000,0.1933160836
4351.0000000000,0.2217382840
4352.0000000000,0.5215240204
4353.0000000000,0.2611409209
4354.0000000000,0.6140858046
4355.0000000000,0.4773465230
4356.0000000000,0.1162153784
4357.0000000000,0.5160752246
4358.0000000000,0.2563380815
4359.0000000000,0.6165029829
4360.0000000000,0.3488209599
4361.0000000000,0.1228115660
4362.0000000000,0.1470558377
4363.0000000000,0.2935680107
4364.0000000000,0.1698323313
4365.0000000000,0.1626908127
4366.0000000000,0.2454690589
4367.0000000000,0.1943766101
4368.0000000000,0.2908897351
4369.0000000000,0.0901398386
4370.0000000000,0.0964433651
4371.0000000000,0.4620150016
4372.0000000000,0.2883047022
4373.0000000000,0.2223490099
4374.0000000000,0.2038683024
4375.0000000000,0.1884887534
4376.0000000000,0.2209970073
4377.0000000000,0.2477227593
4378.0000000000,0.0453396633
4379.0000000000,0.1758046311
4380.0000000000,0.4403634328
4381.0000000000,0.9129457255
4382.0000000000,0.3626828377
4383.0000000000,0.3777684054
4384.0000000000,0.2007673676
4385.0000000000,0.2725435205
4386.0000000000,0.1990683721
4387.0000000000,0.7146599647
4388.0000000000,0.6930686356
4389.0000000000,0.3595122015
4390.0000000000,0.3757134378
4391.0000000000,0.2079384624
4392.0000000000,0.3112647073
4393.0000000000,0.3180443223
4394.0000000000,0.2194575535
4395.0000000000,0.2427577795
4396.0000000000,0.2970092724
4397.0000000000,0.1797103111
4398.0000000000,0.7664970565
4399.0000000000,0.0288596948
4400.0000000000,0.6625891217
4401.0000000000,0.3816456364
4402.0000000000,0.1458399441
4403.0000000000,0.4351898271
4404.0000000000,0.4436757199
4405.0000000000,0.4240709427
4406.0000000000,0.1819591206
4407.0000000000,0.2944237435
4408.0000000000,0.7461638830
4409.0000000000,0.0776250407
4410.0000000000,0.2963158165
4411.0000000000,0.5075459802
4412.0000000000,0.4625823395
4413.0000000000,0.6566000804
4414.0000000000,0.3542676790
4415.0000000000,0.3944148098
4416.0000000000,0.1860669475
4417.0000000000,0.0374721818
4418.0000000000,0.5433712326
4419.0000000000,0.2785702753
4420.0000000000,0.4789614394
4421.0000000000,0.0569636782
4422.0000000000,0.3719898200
4423.0000000000,0.0000000000
4424.0000000000,0.3128481682
4425.0000000000,0.6989764106
4426.0000000000,0.6058272606
4427.0000000000,0.1277416869
4428.0000000000,0.4361041063
4429.0000000000,0.1821660508
4430.0000000000,0.2530705440
4431.0000000000,0.2625429599
4432.0000000000,0.2318216686
4433.0000000000,0.4291672459
4434.0000000000,0.3043205409
4435.0000000000,0.3830635307
4436.0000000000,0.2466472160
4437.0000000000,0.1014225132
4438.0000000000,0.7420269711
4439.0000000000,0.4284773894
4440.0000000000,0.1377524587
4441.0000000000,0.2412615707
4442.0000000000,0.3872177555
4443.0000000000,0.1265528000
4444.0000000000,0.4158851958
4445.0000000000,0.4346448497
4446.0000000000,0.2096903852
4447.0000000000,0.1698653925
4448.0000000000,0.0527067340
4449.0000000000,0.2334487232
4450.0000000000,0.5500666431
4451.0000000000,0.4310815958
4452.0000000000,0.4831959864
4453.0000000000,0.0755185819
4454.0000000000,0.0801797007
4455.0000000000,0.6529926765
4456.0000000000,0.1538920225
4457.0000000000,0.3477239809
4458.0000000000,0.3580022775
4459.0000000000,0.1651252762
4460.0000000000,0.1242071119
4461.0000000000,0.4841168650
4462.0000000000,0.3844384845
4463.0000000000,0.6048390723
4464.0000000000,0.1569855318
4465.0000000000,0.1417299857
4466.0000000000,0.2610127935
4467.0000000000,0.1806873555
4468.0000000000,0.1289202357
4469.0000000000,0.2652812522
4470.0000000000,0.7268945721
4471.0000000000,0.2296123689
4472.0000000000,0.2395577725
4473.0000000000,0.7182097810
4474.0000000000,0.4260251917
4475.0000000000,0.6179579596
4476.0000000000,0.2249619652
4477.0000000000,0.5525919486
4478.0000000000,0.1507258806
4479.0000000000,0.2255446624
4480.0000000000,0.7179241804
4481.0000000000,0.0621182917
4482.0000000000,0.1756420291
4483.0000000000,0.6468529256
4484.0000000000,0.3069375230
4485.0000000000,0.7260966135
4486.0000000000,0.0648524382
4487.0000000000,0.1063567078
4488.0000000000,0.3107709652
4489.0000000000,0.2915321225
4490.0000000000,0.5829100204
4491.0000000000,0.3782626492
4492.0000000000,0.6110151423
4493.0000000000,0.2234680618
4494.0000000000,0.1644603832
4495.0000000000,0.4035718833
4496.0000000000,0.0840932809
4497.0000000000,0.2923371531
4498.0000000000,0.3016411726
4499.0000000000,0.4799917341
4500.0000000000,0.6610306849
4501.0000000000,0.1488398812
4502.0000000000,0.5023684193
4503.0000000000,0.2681348340
4504.0000000000,0.1552524015
4505.0000000000,0.2720226263
4506.0000000000,0.0474345943
4507.0000000000,0.3650898604
4508.0000000000,0.0988296879
4509.0000000000,0.1124986283
4510.0000000000,0.0401024323
4511.0000000000,0.7731835758
4512.0000000000,0.5907574171
4513.0000000000,0.2138611894
4514.0000000000,0.1377406405
4515.0000000000,0.2380634543
4516.0000000000,0.4720364932
4517.0000000000,0.2286663653
4518.0000000000,0.1157097257
4519.0000000000,0.6650347736
4520.0000000000,0.3307010356
4521.0000000000,0.1097796549
4522.0000000000,0.1542658266
4523.0000000000,0.1787824037
4524.0000000000,0.3761130207
4525.0000000000,0.5413554694
4526.0000000000,0.3552182047
4527.0000000000,0.1344908912
4528.0000000000,0.5309548993
4529.0000000000,0.4632599092
4530.0000000000,0.0591254607
4531.0000000000,0.2939073175
4532.0000000000,0.4104527855
4533.0000000000,0.1649557360
4534.0000000000,0.4838416642
4535.0000000000,0.1981658954
4536.0000000000,0.2398732336
4537.0000000000,0.3163160184
4538.0000000000,0.1357318192
4539.0000000000,0.1189762060
4540.0000000000,0.0473235523
4541.0000000000,0.3314523656
4542.0000000000,0.1549515807
4543.0000000000,0.1424016815
4544.0000000000,0.3793858616
4545.0000000000,0.4043589351
4546.0000000000,0.0936892023
4547.0000000000,0.4164967114
4548.0000000000,0.0506087633
4549.0000000000,0.4681727022
4550.0000000000,0.3115128008
4551.0000000000,0.3366847789
4552.0000000000,0.1382680974
4553.0000000000,0.5899781955
4554.0000000000,0.3892954401
4555.0000000000,0.4447076688
4556.0000000000,0.0902302177
4557.0000000000,0.0640224204
4558.0000000000,0.3428677855
4559.0000000000,0.5488744524
4560.0000000000,0.2439092354
4561.0000000000,0.1273769301
4562.0000000000,0.2003845012
4563.0000000000,0.2850810858
4564.0000000000,0.4379076273
4565.0000000000,0.2495404881
4566.0000000000,0.4836589305
4567.0000000000,0.2641943067
4568.0000000000,0.2015704075
4569.0000000000,0.1248763609
4570.0000000000,0.1014188654
4571.0000000000,0.3396910078
4572.0000000000,0.1718840093
4573.0000000000,0.0676676681
4574.0000000000,0.2308664382
4575.0000000000,0.2565786208
4576.0000000000,0.4780732230
4577.0000000000,0.1577077488
4578.0000000000,0.1868992771
4579.0000000000,0.6018309642
4580.0000000000,0.3656988074
4581.0000000000,0.1775990764
4582.0000000000,0.1704255337
4583.0000000000,0.5222895392
4584.0000000000,0.0504153058
4585.0000000000,0.2266731475
4586.0000000000,0.3801073917
4587.0000000000,0.1365852308
4588.0000000000,0.1785384203
4589.0000000000,0.2716272236
4590.0000000000,0.0819614004
4591.0000000000,0.0763315614
4592.0000000000,0.3220329373
4593.0000000000,0.1677298843
4594.0000000000,0.1228578745
4595.0000000000,0.3187147762
4596.0000000000,0.1820961935
4597.0000000000,0.3130600610
4598.0000000000,0.4506840037
4599.0000000000,0.7888401474
4600.0000000000,0.2676800147
4601.0000000000,0.0575383473
4602.0000000000,0.0858068006
4603.0000000000,0.1105301545
4604.0000000000,0.2270595296
4605.0000000000,0.1316607983
4606.0000000000,0.0920214145
4607.0000000000,0.2583974312
4608.0000000000,0.4100256176
4609.0000000000,0.0722077984
4610.0000000000,0.4095480847
4611.0000000000,0.4983429170
4612.0000000000,0.4970385472
4613.0000000000,0.1707146229
4614.0000000000,0.2052534827
4615.0000000000,0.1926100778
4616.0000000000,0.2556320784
4617.0000000000,0.5032577591
4618.0000000000,0.1922929957
4619.0000000000,0.1486034966
4620.0000000000,0.4803813936
4621.0000000000,0.1671261795
4622.0000000000,0.1616611367
4623.0000000000,0.2526328944
4624.0000000000,0.1227815891
4625.0000000000,0.0902085088
4626.0000000000,0.1396898115
4627.0000000000,0.1565518969
4628.0000000000,0.4303064234
4629.0000000000,0.2049281750
4630.0000000000,0.5766777602
4631.0000000000,0.3722273044
4632.0000000000,0.1034795930
4633.0000000000,0.0980073732
4634.0000000000,0.1884849149
4635.0000000000,0.3978767907
4636.0000000000,0.1643657177
4637.0000000000,0.4305669906
4638.0000000000,0.3062557388
4639.0000000000,0.6299123922
4640.0000000000,0.3309241747
4641.0000000000,0.3781608519
4642.0000000000,0.3726077641
4643.0000000000,0.4796070085
4644.0000000000,0.1515310985
4645.0000000000,0.0527250205
4646.0000000000,0.4622005065
4647.0000000000,0.3058317589
4648.0000000000,0.2289554271
4649.0000000000,0.3172313759
4650.0000000000,0.2395748285
4651.0000000000,0.4229499588
4652.0000000000,0.5502535135
4653.0000000000,0.0689885517
4654.0000000000,0.1317404138
4655.0000000000,0.0444248390
4656.0000000000,0.4803822521
4657.0000000000,0.2704044808
4658.0000000000,0.3369848288
4659.0000000000,0.7087656691
4660.0000000000,0.1682657579
4661.0000000000,0.2154532096
4662.0000000000,0.7481775609
4663.0000000000,0.2860210108
4664.0000000000,0.0958486289
4665.0000000000,0.1774961325
4666.0000000000,0.2229766210
4667.0000000000,0.6971493536
4668.0000000000,0.1593333459
4669.0000000000,0.1662578131
4670.0000000000,0.2426155861
4671.0000000000,0.1526816520
4672.0000000000,0.4902007327
4673.0000000000,0.0617549185
4674.0000000000,0.3187457999
4675.0000000000,0.1726667290
4676.0000000000,0.3575759695
4677.0000000000,0.2539005217
4678.0000000000,0.0693410316
4679.0000000000,0.3536421717
4680.0000000000,0.2402992646
4681.0000000000,0.3389002650
4682.0000000000,0.2204487117
4683.0000000000,0.1793897002
4684.0000000000,0.2159760005
4685.0000000000,0.6946729636
4686.0000000000,0.2871644688
4687.0000000000,0.2771534302
4688.0000000000,0.3639086153
4689.0000000000,0.4067873406
4690.0000000000,0.2876116700
4691.0000000000,0.2677951419
4692.0000000000,0.2131904200
4693.0000000000,0.1412213805
4694.0000000000,0.0802296658
4695.0000000000,0.4709187063
4696.0000000000,0.2958571095
4697.0000000000,0.2031354702
4698.0000000000,0.1543426220
4699.0000000000,0.2479711685
4700.0000000000,0.2879613993
4701.0000000000,0.0641120330
4702.0000000000,0.2347225385
4703.0000000000,0.1188392745
4704.0000000000,0.4169337135
4705.0000000000,0.1349873063
4706.0000000000,0.3787938633
4707.0000000000,0.4055999453
4708.0000000000,0.0487700857
4709.0000000000,0.1093913135
4710.0000000000,0.3546363002
4711.0000000000,0.6608734933
4712.0000000000,0.7899761773
4713.0000000000,0.2376035767
4714.0000000000,0.0755228301
4715.0000000000,0.5294052813
4716.0000000000,0.1543553526
4717.0000000000,0.2695714797
4718.0000000000,0.3510166815
4719.0000000000,0.1947441777
4720.0000000000,0.2772128204
4721.0000000000,0.1007636570
4722.0000000000,0.2112035009
4723.0000000000,0.0390919143
4724.0000000000,0.2835464097
4725.0000000000,0.3756148712
4726.0000000000,0.1943102666
4727.0000000000,0.3414321943
4728.0000000000,0.3936691878
4729.0000000000,0.2843405991
4730.0000000000,0.1885524116
4731.0000000000,0.1750689122
4732.0000000000,0.6046463928
4733.0000000000,0.0903798377
4734.0000000000,0.2474362223
4735.0000000000,0.7871344849
4736.0000000000,0.3192633480
4737.0000000000,0.2245875718
4738.0000000000,0.0641365129
4739.0000000000,0.0741519255
4740.0000000000,0.1422547362
4741.0000000000,0.4215336819
4742.0000000000,0.3008042132
4743.0000000000,0.7169640470
4744.0000000000,0.3506488484
4745.0000000000,0.4323921827
4746.0000000000,0.7717181486
4747.0000000000,0.1501659532
4748.0000000000,0.6663476043
4749.0000000000,0.0600763446
4750.0000000000,0.2315720222
4751.0000000000,0.2098515584
4752.0000000000,0.4255311903
4753.0000000000,0.1723454903
4754.0000000000,0.2452166704
4755.0000000000,0.3481344563
4756.0000000000,0.3159603586
4757.0000000000,0.5772573279
4758.0000000000,0.4352297924
4759.0000000000,0.2031997334
4760.0000000000,0.2894138545
4761.0000000000,0.5056352980
4762.0000000000,0.5892752856
4763.0000000000,0.0935184029
4764.0000000000,0.1054926926
4765.0000000000,0.3286964788
4766.0000000000,0.1910452459
4767.0000000000,0.0782150664
4768.0000000000,0.3111215223
4769.0000000000,0.1098364297
4770.0000000000,0.1144378018
4771.0000000000,0.1423326701
4772.0000000000,0.1418406249
4773.0000000000,0.6552872895
4774.0000000000,0.1735166269
4775.0000000000,0.5693301378
4776.0000000000,0.2033243353
4777.0000000000,0.3108718385
4778.0000000000,0.5359844945
4779.0000000000,0.4860068212
4780.0000000000,0.3496945169
4781.0000000000,0.2659442218
4782.0000000000,0.1088336617
4783.0000000000,0.4109372851
4784.0000000000,0.4670687927
4785.0000000000,0.6099944728
4786.0000000000,0.1965336899
4787.0000000000,0.4439066905
4788.0000000000,0.0732026681
4789.0000000000,0.1429260266
4790.0000000000,0.4173929486
4791.0000000000,0.4203159474
4792.0000000000,0.5334691613
4793.0000000000,0.2058558650
4794.0000000000,0.1231323485
4795.0000000000,0.4600535857
4796.0000000000,0.2473307373
4797.0000000000,0.1933834933
4798.0000000000,0.4445488103
4799.0000000000,0.3597411031
4800.0000000000,0.6952031426
4801.0000000000,0.5597856179
4802.0000000000,0.1604086595
4803.0000000000,0.1332745327
4804.0000000000,0.4189889741
4805.0000000000,0.9026989925
4806.0000000000,0.3603408410
4807.0000000000,0.0586159666
4808.0000000000,0.2007940956
4809.0000000000,0.6815801151
4810.0000000000,0.5457248716
4811.0000000000,0.0782640686
4812.0000000000,0.4812310156
4813.0000000000,0.5703316894
4814.0000000000,0.0761896612
4815.0000000000,0.1231778727
4816.0000000000,0.3322610314
4817.0000000000,0.3385931669
4818.0000000000,0.3518354377
4819.0000000000,0.0338381162
4820.0000000000,0.3688522431
4821.0000000000,0.2103109835
4822.0000000000,0.4116625948
4823.0000000000,0.0662363392
4824.0000000000,0.1556373659
4825.0000000000,0.3220862007
4826.0000000000,0.6246175957
4827.0000000000,0.2974525873
4828.0000000000,0.2611359175
4829.0000000000,0.1981204337
4830.0000000000,0.2176533034
4831.0000000000,0.0876806186
4832.0000000000,0.4441487394
4833.0000000000,0.1077305137
4834.0000000000,0.3546868221
4835.0000000000,0.2120493382
4836.0000000000,0.5789016480
4837.0000000000,0.0750499764
4838.0000000000,0.0382395535
4839.0000000000,0.1485852081
4840.0000000000,0.4389596001
4841.0000000000,0.5578509344
4842.0000000000,0.0728326754
4843.0000000000,0.1420487739
4844.0000000000,0.1488672615
4845.0000000000,0.1135445914
4846.0000000000,0.3566046994
4847.0000000000,0.1501455182
4848.0000000000,0.4840133381
4849.0000000000,0.1664832646
4850.0000000000,0.1793479804
4851.0000000000,0.2036606688
4852.0000000000,0.1885120356
4853.0000000000,0.1440328081
4854.0000000000,0.2352007624
4855.0000000000,0.3512833665
4856.0000000000,0.2083616808
4857.0000000000,0.2807398405
4858.0000000000,0.0741696715
4859.0000000000,0.7590647376
4860.0000000000,0.2327458047
4861.0000000000,0.1584994889
4862.0000000000,0.1790802131
4863.0000000000,0.3170025970
4864.0000000000,0.0875839220
4865.0000000000,0.8616196225
4866.0000000000,0.1531364088
4867.0000000000,0.2951771939
4868.0000000000,0.3857713100
4869.0000000000,0.6911823041
4870.0000000000,0.3890617140
4871.0000000000,0.1818065746
4872.0000000000,0.2145544944
4873.0000000000,0.1731744331
4874.0000000000,0.4832540421
4875.0000000000,0.5106528870
4876.0000000000,0.1965368441
4877.0000000000,0.2492997158
4878.0000000000,0.5791627121
4879.0000000000,0.1336290781
4880.0000000000,0.2127008338
4881.0000000000,0.1019601869
4882.0000000000,0.1897998302
4883.0000000000,0.6372252865
4884.0000000000,0.2230873107
4885.0000000000,0.3846476939
4886.0000000000,0.1778040192
4887.0000000000,0.4852019679
4888.0000000000,0.1019928157
4889.0000000000,0.2140771137
4890.0000000000,0.3595250260
4891.0000000000,0.2337858648
4892.0000000000,0.1125618085
4893.0000000000,0.1324923425
4894.0000000000,0.2309751135
4895.0000000000,0.1232144380
4896.0000000000,0.2666934451
4897.0000000000,0.2976978316
4898.0000000000,0.1656163872
4899.0000000000,0.4809649360
4900.0000000000,0.1517059140
4901.0000000000,0.2242990990
4902.0000000000,0.3662944532
4903.0000000000,0.3620017114
4904.0000000000,0.1571689728
4905.0000000000,0.5657461188
4906.0000000000,0.7890313155
4907.0000000000,0.3475971000
4908.0000000000,0.2015958639
4909.0000000000,0.2226680971
4910.0000000000,0.5296607584
4911.0000000000,0.4978624014
4912.0000000000,0.1251461860
4913.0000000000,0.3639177846
4914.0000000000,0.1504979944
4915.0000000000,0.3260507202
4916.0000000000,0.0495747090
4917.0000000000,0.5934174788
4918.0000000000,0.5977649500
4919.0000000000,0.1489716418
4920.0000000000,0.3041023755
4921.0000000000,0.1525329608
4922.0000000000,0.2967972866
4923.0000000000,0.1473074600
4924.0000000000,0.2317920047
4925.0000000000,0.6807884769
4926.0000000000,0.1673687796
4927.0000000000,0.4394420371
4928.0000000000,0.1615435432
4929.0000000000,0.0477739191
4930.0000000000,0.2457487835
4931.0000000000,0.2635012365
4932.0000000000,0.0444990812
4933.0000000000,0.3398443953
4934.0000000000,0.2492511046
4935.0000000000,0.1135924039
4936.0000000000,0.5589741883
4937.0000000000,0.3101337447
4938.0000000000,0.3243650131
4939.0000000000,0.4446228031
4940.0000000000,0.1271320072
4941.0000000000,0.1263228230
4942.0000000000,0.1702866637
4943.0000000000,0.3732064113
4944.0000000000,0.0554235208
4945.0000000000,0.1708063793
4946.0000000000,0.3274041670
4947.0000000000,0.3844914442
4948.0000000000,0.2481566567
4949.0000000000,0.3013994186
4950.0000000000,0.1612665819
4951.0000000000,0.6270366798
4952.0000000000,0.3202896240
4953.0000000000,0.3222082675
4954.0000000000,0.1480796642
4955.0000000000,0.2090633681
4956.0000000000,0.3949768599
4957.0000000000,0.5317432418
4958.0000000000,0.6476327533
4959.0000000000,0.3649575046
4960.0000000000,0.3564917829
4961.0000000000,0.3820506325
4962.0000000000,0.2487241722
4963.0000000000,0.4497854859
4964.0000000000,0.4755563507
4965.0000000000,0.1470731887
4966.0000000000,0.1782421735
4967.0000000000,0.2176339056
4968.0000000000,0.1876639005
4969.0000000000,0.2519414560
4970.0000000000,0.1546078474
4971.0000000000,0.1483341624
4972.0000000000,0.4381611011
4973.0000000000,0.1145701249
4974.0000000000,0.3018102298
4975.0000000000,0.0951611500
4976.0000000000,0.2727443550
4977.0000000000,0.4485074110
4978.0000000000,0.2250396971
4979.0000000000,0.1112975144
4980.0000000000,0.4911166370
4981.0000000000,0.2395445115
4982.0000000000,0.1692160672
4983.0000000000,0.2069817965
4984.0000000000,0.1689778812
4985.0000000000,0.3614931219
4986.0000000000,0.8014492278
4987.0000000000,0.2596685996
4988.0000000000,0.1281538854
4989.0000000000,0.4372244568
4990.0000000000,0.5609791126
4991.0000000000,0.3505639294
4992.0000000000,0.1322912267
4993.0000000000,0.9965851165
4994.0000000000,0.1295518096
4995.0000000000,0.2236056321
4996.0000000000,0.2668704265
4997.0000000000,0.1303508539
4998.0000000000,0.2237457773
4999.0000000000,0.5802151332
5000.0000000000,0.1781240295
5001.0000000000,0.0516349168
5002.0000000000,0.3218286446
5003.0000000000,0.1236518993
5004.0000000000,0.0254388400
5005.0000000000,0.5083463261
5006.0000000000,0.3089768329
5007.0000000000,0.1158386197
5008.0000000000,0.3842560860
5009.0000000000,0.4588145628
5010.0000000000,0.1351854089
5011.0000000000,0.1818514031
5012.0000000000,0.1417159414
5013.0000000000,0.2577754740
5014.0000000000,0.4528519210
5015.0000000000,0.2300745285
5016.0000000000,0.1257354542
5017.0000000000,0.3108034739
5018.0000000000,0.6409443560
5019.0000000000,0.2142607336
5020.0000000000,0.0908378440
5021.0000000000,0.1969891590
5022.0000000000,0.2279659081
5023.0000000000,0.5163985406
5024.0000000000,0.2405919121
5025.0000000000,0.1216238302
5026.0000000000,0.2528620727
5027.0000000000,0.1182182458
5028.0000000000,0.0987384482
5029.0000000000,0.1759008946
5030.0000000000,0.2463243916
5031.0000000000,0.1598839669
5032.0000000000,0.4596509218
5033.0000000000,0.2648247455
5034.0000000000,0.3038473863
5035.0000000000,0.6815090628
5036.0000000000,0.5129223157
5037.0000000000,0.3260060214
5038.0000000000,0.1936556516
5039.0000000000,0.0812820507
5040.0000000000,0.5872451778
5041.0000000000,0.2641646837
5042.0000000000,0.3689953214
5043.0000000000,0.1838965279
5044.0000000000,0.1599633051
5045.0000000000,0.4733538223
5046.0000000000,0.2028819927
5047.0000000000,0.5382227292
5048.0000000000,0.5917130582
5049.0000000000,0.1225655334
5050.0000000000,0.3107054635
5051.0000000000,0.3266038091
5052.0000000000,0.2773277222
5053.0000000000,0.0755940378
5054.0000000000,0.1553250166
5055.0000000000,0.1425581991
5056.0000000000,0.1263497654
5057.0000000000,0.1684510538
5058.0000000000,0.3385640127
5059.0000000000,0.4533272630
5060.0000000000,0.1777849695
5061.0000000000,0.2148916390
5062.0000000000,0.5309665851
5063.0000000000,0.1366637336
5064.0000000000,0.4840662741
5065.0000000000,0.1317079700
5066.0000000000,0.2688517807
5067.0000000000,0.5027652558
5068.0000000000,0.1444080771
5069.0000000000,0.6997566580
5070.0000000000,0.3867459992
5071.0000000000,0.4351300285
5072.0000000000,0.0993422008
5073.0000000000,0.1890283890
5074.0000000000,0.6228826982
5075.0000000000,0.1962662587
5076.0000000000,0.4081951726
5077.0000000000,0.6101599156
5078.0000000000,0.1354133771
5079.0000000000,0.4718097926
5080.0000000000,0.4539205533
5081.0000000000,0.3083735429
5082.0000000000,0.3014663497
5083.0000000000,0.0941686467
5084.0000000000,0.1727511452
5085.0000000000,0.3960393704
5086.0000000000,0.4940893133
5087.0000000000,0.1264098721
5088.0000000000,0.4737168380
5089.0000000000,0.1383194899
5090.0000000000,0.2671027677
5091.0000000000,0.0910306035
5092.0000000000,0.1489347327
5093.0000000000,0.1059028550
5094.0000000000,0.2131691640
5095.0000000000,0.2408948402
5096.0000000000,0.4286223662
5097.0000000000,0.4689636162
5098.0000000000,0.0986473607
5099.0000000000,0.3633409851
5100.0000000000,0.3160807793
5101.0000000000,0.1213080745
5102.0000000000,0.3083837992
5103.0000000000,0.0941278533
5104.0000000000,0.2261402875
5105.0000000000,0.6215843987
5106.0000000000,0.0766878606
5107.0000000000,0.2363154075
5108.0000000000,0.6365775077
5109.0000000000,0.1207719530
5110.0000000000,0.4865076257
5111.0000000000,0.2467211609
5112.0000000000,0.2233616500
5113.0000000000,0.2186878049
5114.0000000000,0.2087630541
5115.0000000000,0.0740932366
5116.0000000000,0.1683530916
5117.0000000000,0.2640028874
5118.0000000000,0.5431494495
5119.0000000000,0.2391899634
5120.0000000000,0.2030801783
5121.0000000000,0.3207769573
5122.0000000000,0.0772481589
5123.0000000000,0.6083651516
5124.0000000000,0.1540277760
5125.0000000000,0.1478120247
5126.0000000000,0.1466962849
5127.0000000000,0.0743834316
5128.0000000000,0.1458514151
5129.0000000000,0.1805543027
5130.0000000000,0.1441379048
5131.0000000000,0.2441432986
5132.0000000000,0.1935084859
5133.0000000000,0.0322137328
5134.0000000000,0.5222727400
5135.0000000000,0.4401611254
5136.0000000000,0.2165165906
5137.0000000000,0.2713534419
5138.0000000000,0.2719053926
5139.0000000000,0.2434484993
5140.0000000000,0.3831051649
5141.0000000000,0.1154923225
5142.0000000000,0.3694519786
5143.0000000000,0.0654794235
5144.0000000000,0.3183436878
5145.0000000000,0.3773248842
5146.0000000000,0.3070581764
5147.0000000000,0.0931108369
5148.0000000000,0.3487613794
5149.0000000000,0.0914497405
5150.0000000000,0.0907114514
5151.0000000000,0.0851961292
5152.0000000000,0.1084786417
5153.0000000000,0.3112769051
5154.0000000000,0.3619029435
5155.0000000000,0.4085247726
5156.0000000000,0.1886527611
5157.0000000000,0.1027829274
5158.0000000000,0.6278189486
5159.0000000000,0.4069627157
5160.0000000000,0.2410801896
5161.0000000000,0.3080208885
5162.0000000000,0.5951345799
5163.0000000000,0.1360206759
5164.0000000000,0.5867427737
5165.0000000000,0.6893440062
5166.0000000000,0.5080269002
5167.0000000000,0.2821098059
5168.0000000000,0.0856895519
5169.0000000000,0.2348726641
5170.0000000000,0.9329298747
5171.0000000000,0.1757033886
5172.0000000000,0.5194317319
5173.0000000000,0.5566609989
5174.0000000000,0.4640188925
5175.0000000000,0.6604873522
5176.0000000000,0.4618345713
5177.0000000000,0.7343168799
5178.0000000000,0.1362442040
5179.0000000000,0.2006657896
5180.0000000000,0.2257134698
5181.0000000000,0.1920016532
5182.0000000000,0.3337444070
5183.0000000000,0.1128812312
5184.0000000000,0.5630569069
5185.0000000000,0.2674931679
5186.0000000000,0.2052185703
5187.0000000000,0.5050363377
5188.0000000000,0.4716479003
5189.0000000000,0.1499761045
5190.0000000000,0.5589402495
5191.0000000000,0.1988295687
5192.0000000000,0.7787923060
5193.0000000000,0.1697059749
5194.0000000000,0.1380803132
5195.0000000000,0.0607726503
5196.0000000000,0.1818719036
5197.0000000000,0.5750347990
5198.0000000000,0.1283377883
5199.0000000000,0.8367615897
5200.0000000000,0.1993360293
5201.0000000000,0.2682020109
5202.0000000000,0.3004144391
5203.0000000000,0.2830786843
5204.0000000000,0.1965825984
5205.0000000000,0.3164389254
5206.0000000000,0.2339879588
5207.0000000000,0.1743687670
5208.0000000000,0.3016256497
5209.0000000000,0.2444690558
5210.0000000000,0.3357172216
5211.0000000000,0.1996266771
5212.0000000000,0.5256307480
5213.0000000000,0.4535171150
5214.0000000000,0.3376705886
5215.0000000000,0.1239101243
5216.0000000000,0.3225571724
5217.0000000000,0.2688618681
5218.0000000000,0.5300817430
5219.0000000000,0.1019838902
5220.0000000000,0.2231073922
5221.0000000000,0.1842506037
5222.0000000000,0.2505747669
5223.0000000000,0.1951129524
5224.0000000000,0.3951635842
5225.0000000000,0.1175251338
5226.0000000000,0.1482894201
5227.0000000000,0.5122938836
5228.0000000000,0.5044557335
5229.0000000000,0.6699332638
5230.0000000000,0.1842170137
5231.0000000000,0.5359519892
5232.0000000000,0.4643935739
5233.0000000000,0.0739988899
5234.0000000000,0.2562120619
5235.0000000000,0.1201146982
5236.0000000000,0.7000287979
5237.0000000000,0.5542129212
5238.0000000000,0.2329779673
5239.0000000000,0.6640377956
5240.0000000000,0.4390214827
5241.0000000000,0.5578668376
5242.0000000000,0.3570548856
5243.0000000000,0.0903100169
5244.0000000000,0.2241015120
5245.0000000000,0.2426392710
5246.0000000000,0.3596602565
5247.0000000000,0.0628398696
5248.0000000000,0.2212334123
5249.0000000000,0.0749237681
5250.0000000000,0.3101788893
5251.0000000000,0.3091839327
5252.0000000000,0.2240596216
5253.0000000000,0.6110003462
5254.0000000000,0.4040025980
5255.0000000000,0.0830062642
5256.0000000000,0.1977419409
5257.0000000000,0.1373075361
5258.0000000000,0.7141105839
5259.0000000000,0.5085548135
5260.0000000000,0.0481103389
5261.0000000000,0.2652019510
5262.0000000000,0.3766391207
5263.0000000000,0.3348122439
5264.0000000000,0.1802864688
5265.0000000000,0.3282045200
5266.0000000000,0.4810695658
5267.0000000000,0.1646690572
5268.0000000000,0.1022536471
5269.0000000000,0.1631228994
5270.0000000000,0.1831918779
5271.0000000000,0.1082708011
5272.0000000000,0.0855526322
5273.0000000000,0.2049141689
5274.0000000000,0.1057115604
5275.0000000000,0.2201322189
5276.0000000000,0.8104573149
5277.0000000000,0.6207971907
5278.0000000000,0.2242295177
5279.0000000000,0.6538612091
5280.0000000000,0.2080542134
5281.0000000000,0.1601267011
5282.0000000000,0.3195072996
5283.0000000000,0.2523774989
5284.0000000000,0.7361354237
5285.0000000000,0.1056321824
5286.0000000000,0.1758902349
5287.0000000000,0.6167274882
5288.0000000000,0.2648674286
5289.0000000000,0.4897118893
5290.0000000000,0.0761489257
5291.0000000000,0.1860293766
5292.0000000000,0.1513113073
5293.0000000000,0.5371136173
5294.0000000000,0.1129943591
5295.0000000000,0.4621178147
5296.0000000000,0.1897482504
5297.0000000000,0.4172478611
5298.0000000000,0.2635319067
5299.0000000000,0.0915423535
5300.0000000000,0.4514506650
5301.0000000000,0.4886743035
5302.0000000000,0.2514080934
5303.0000000000,0.5086190202
5304.0000000000,0.4117426595
5305.0000000000,0.1986695981
5306.0000000000,0.7650736136
5307.0000000000,0.5227788772
5308.0000000000,0.1863412272
5309.0000000000,0.4104272665
5310.0000000000,0.3314577520
5311.0000000000,0.2857920589
5312.0000000000,0.2917045972
5313.0000000000,0.0569435573
5314.0000000000,0.3244637088
5315.0000000000,0.6074608571
5316.0000000000,0.0724364991
5317.0000000000,0.2793012369
5318.0000000000,0.3725781478
5319.0000000000,0.1138316512
5320.0000000000,0.6686137725
5321.0000000000,0.4770308977
5322.0000000000,0.1980093460
5323.0000000000,0.3816181786
5324.0000000000,0.7092172991
5325.0000000000,0.2439434267
5326.0000000000,0.2008845862
5327.0000000000,0.2681289613
5328.0000000000,0.1181524495
5329.0000000000,0.6009493395
5330.0000000000,0.5553402751
5331.0000000000,0.5346544733
5332.0000000000,0.0963459631
5333.0000000000,0.6048940431
5334.0000000000,0.1577340922
5335.0000000000,0.1836072062
5336.0000000000,0.2732646844
5337.0000000000,0.2451951397
5338.0000000000,0.0967820839
5339.0000000000,0.2296047247
5340.0000000000,0.4616594073
5341.0000000000,0.1879933624
5342.0000000000,0.0697872291
5343.0000000000,0.1077370268
5344.0000000000,0.1861090229
5345.0000000000,0.1507884833
5346.0000000000,0.0772759890
5347.0000000000,0.2006707502
5348.0000000000,0.4231063373
5349.0000000000,0.3993866100
5350.0000000000,0.7488581909
5351.0000000000,0.3208216518
5352.0000000000,0.1316432462
5353.0000000000,0.2727527581
5354.0000000000,0.2504636527
5355.0000000000,0.4722581169
5356.0000000000,0.6443628255
5357.0000000000,0.3865338435
5358.0000000000,0.6250824419
5359.0000000000,0.1749052751
5360.0000000000,0.1181920044
5361.0000000000,0.2354689895
5362.0000000000,0.3518435381
5363.0000000000,0.1612080515
5364.0000000000,0.2582469216
5365.0000000000,0.1659044223
5366.0000000000,0.4701762295
5367.0000000000,0.6822908280
5368.0000000000,0.5971564037
5369.0000000000,0.3614449395
5370.0000000000,0.2458141908
5371.0000000000,0.3597105583
5372.0000000000,0.3459211787
5373.0000000000,0.5155248970
5374.0000000000,0.0862181269
5375.0000000000,0.2849364717
5376.0000000000,0.0680409224
5377.0000000000,0.1062675858
5378.0000000000,0.4267890750
5379.0000000000,0.1920369559
5380.0000000000,0.2957459184
5381.0000000000,0.1221351595
5382.0000000000,0.1916159513
5383.0000000000,0.3816316426
5384.0000000000,0.2108160852
5385.0000000000,0.2573604143
5386.0000000000,0.0690974589
5387.0000000000,0.1205060630
5388.0000000000,0.4636004555
5389.0000000000,0.3581345828
5390.0000000000,0.1162680344
5391.0000000000,0.1038802131
5392.0000000000,0.5465754869
5393.0000000000,0.1284317257
5394.0000000000,0.0934602709
5395.0000000000,0.2744936527
5396.0000000000,0.2704517080
5397.0000000000,0.3797940200
5398.0000000000,0.0616317868
5399.0000000000,0.4776915660
5400.0000000000,0.0813092710
5401.0000000000,0.1909202229
5402.0000000000,0.2294930991
5403.0000000000,0.3358587799
5404.0000000000,0.8690185444
5405.0000000000,0.0855382782
5406.0000000000,0.1558744128
5407.0000000000,0.0930815885
5408.0000000000,0.2965648100
5409.0000000000,0.4585448654
5410.0000000000,0.1280185603
5411.0000000000,0.1657829752
5412.0000000000,0.0336738379
5413.0000000000,0.4926967721
5414.0000000000,0.5691275167
5415.0000000000,0.2801996504
5416.0000000000,0.2457181179
5417.0000000000,0.4607004271
5418.0000000000,0.1253233253
5419.0000000000,0.2939525571
5420.0000000000,0.1558159437
5421.0000000000,0.3174068737
5422.0000000000,0.2200273854
5423.0000000000,0.1080800216
5424.0000000000,0.3239991716
5425.0000000000,0.0896921223
5426.0000000000,0.4104840775
5427.0000000000,0.3181227622
5428.0000000000,0.3729085197
5429.0000000000,0.2945387614
5430.0000000000,0.2714792107
5431.0000000000,0.3521204937
5432.0000000000,0.2205785274
5433.0000000000,0.3031027958
5434.0000000000,0.2851207381
5435.0000000000,0.1265231508
5436.0000000000,0.0534337762
5437.0000000000,0.2709092166
5438.0000000000,0.6773675088
5439.0000000000,0.1604811104
5440.0000000000,0.0893057344
5441.0000000000,0.1699126857
5442.0000000000,0.4659500191
5443.0000000000,0.2714879770
5444.0000000000,0.2467086594
5445.0000000000,0.1267897679
5446.0000000000,0.0966957088
5447.0000000000,0.0784877274
5448.0000000000,0.5632996305
5449.0000000000,0.1934567971
5450.0000000000,0.3162022507
5451.0000000000,0.6414804818
5452.0000000000,0.0754569692
5453.0000000000,0.4303566456
5454.0000000000,0.1037658745
5455.0000000000,0.4925158997
5456.0000000000,0.1797811851
5457.0000000000,0.5953893042
5458.0000000000,0.0330532317
5459.0000000000,0.2461422035
5460.0000000000,0.1424301045
5461.0000000000,0.0501791151
5462.0000000000,0.2511366762
5463.0000000000,0.4932329701
5464.0000000000,0.0457253619
5465.0000000000,0.0755729122
5466.0000000000,0.1723776558
5467.0000000000,0.4424123194
5468.0000000000,0.3096190742
5469.0000000000,0.4129491881
5470.0000000000,0.5496736678
5471.0000000000,0.1793783108
5472.0000000000,0.1704015518
5473.0000000000,0.1153020019
5474.0000000000,0.2280647455
5475.0000000000,0.1251684160
5476.0000000000,0.1965547014
5477.0000000000,0.4981290690
5478.0000000000,0.4164819477
5479.0000000000,0.4073110068
5480.0000000000,0.2030086786
5481.0000000000,0.2746710692
5482.0000000000,0.6115921385
5483.0000000000,0.6347563537
5484.0000000000,0.6840589981
5485.0000000000,0.2401347021
5486.0000000000,0.0768727468
5487.0000000000,0.0981207684
5488.0000000000,0.2968879615
5489.0000000000,0.2609160357
5490.0000000000,0.2818659372
5491.0000000000,0.2343115293
5492.0000000000,0.3645900145
5493.0000000000,0.3158717029
5494.0000000000,0.3052272778
5495.0000000000,0.0754605452
5496.0000000000,0.3142791934
5497.0000000000,0.2912706714
5498.0000000000,0.5348729585
5499.0000000000,0.1675094620
5500.0000000000,0.5937794772
5501.0000000000,0.3287061358
5502.0000000000,0.3406532784
5503.0000000000,0.1646673482
5504.0000000000,0.7946847652
5505.0000000000,0.4990555015
5506.0000000000,0.1569775952
5507.0000000000,0.0960033308
5508.0000000000,0.4021292138
5509.0000000000,0.0965711319
5510.0000000000,0.3064266318
5511.0000000000,0.0600291916
5512.0000000000,0.4410084657
5513.0000000000,0.0861336819
5514.0000000000,0.1248204881
5515.0000000000,0.0753181046
5516.0000000000,0.1971896738
5517.0000000000,0.1293787992
5518.0000000000,0.0867337642
5519.0000000000,0.0967512792
5520.0000000000,0.4795932050
5521.0000000000,0.2464903318
5522.0000000000,0.4525332602
5523.0000000000,0.0520029012
5524.0000000000,0.2822980573
5525.0000000000,0.1663347440
5526.0000000000,0.1147302365
5527.0000000000,0.3036437829
5528.0000000000,0.0819186200
5529.0000000000,0.8011477575
5530.0000000000,0.3289621852
5531.0000000000,0.1035769120
5532.0000000000,0.4583469249
5533.0000000000,0.4628823254
5534.0000000000,0.5659417389
5535.0000000000,0.4872114465
5536.0000000000,0.4329041477
5537.0000000000,0.0789338884
5538.0000000000,0.3342296654
5539.0000000000,0.5645369089
5540.0000000000,0.8956978255
5541.0000000000,0.1123980768
5542.0000000000,0.4468081359
5543.0000000000,0.1543794053
5544.0000000000,0.3289358468
5545.0000000000,0.3167518513
5546.0000000000,0.0507886842
5547.0000000000,0.6684416263
5548.0000000000,0.0744273608
5549.0000000000,0.1195480178
5550.0000000000,0.3808683814
5551.0000000000,0.1689528184
5552.0000000000,0.4410803019
5553.0000000000,0.4694467372
5554.0000000000,0.2615540488
5555.0000000000,0.0993438032
5556.0000000000,0.8258331886
5557.0000000000,0.0537777636
5558.0000000000,0.8261140961
5559.0000000000,0.3352533443
5560.0000000000,0.5319407097
5561.0000000000,0.1380021569
5562.0000000000,0.2841205259
5563.0000000000,0.1382960877
5564.0000000000,0.0901731874
5565.0000000000,0.1218886028
5566.0000000000,0.5458714727
5567.0000000000,0.1625605398
5568.0000000000,0.4578237852
5569.0000000000,0.3321635829
5570.0000000000,0.4836342771
5571.0000000000,0.1210737982
5572.0000000000,0.3914222202
5573.0000000000,0.0593079923
5574.0000000000,1.0000000000
5575.0000000000,0.0605197615
5576.0000000000,0.5635942341
5577.0000000000,0.0855947496
5578.0000000000,0.4450257192
5579.0000000000,0.1899456223
5580.0000000000,0.3339395130
5581.0000000000,0.3487740140
5582.0000000000,0.2065935458
5583.0000000000,0.6978010974
5584.0000000000,0.7444796866
5585.0000000000,0.1775105775
5586.0000000000,0.1550153606
5587.0000000000,0.3770538085
5588.0000000000,0.0937878114
5589.0000000000,0.3668591901
5590.0000000000,0.5385295200
5591.0000000000,0.1897184729
5592.0000000000,0.4950355433
5593.0000000000,0.2625852379
5594.0000000000,0.3882883533
5595.0000000000,0.3039927239
5596.0000000000,0.0755445099
5597.0000000000,0.3596343733
5598.0000000000,0.6465341107
5599.0000000000,0.3910836917
5600.0000000000,0.3574413912
5601.0000000000,0.2424304093
5602.0000000000,0.4155121626
5603.0000000000,0.7234659959
5604.0000000000,0.1648869052
5605.0000000000,0.1787424341
5606.0000000000,0.6051353104
5607.0000000000,0.3803250528
5608.0000000000,0.2346933074
5609.0000000000,0.2951372835
5610.0000000000,0.1349518159
5611.0000000000,0.5830816054
5612.0000000000,0.1709057074
5613.0000000000,0.3007682875
5614.0000000000,0.2156377726
5615.0000000000,0.0577303954
5616.0000000000,0.0819027333
5617.0000000000,0.1956509180
5618.0000000000,0.3114797603
5619.0000000000,0.2689891962
5620.0000000000,0.3181873956
5621.0000000000,0.1214218001
5622.0000000000,0.6385327362
5623.0000000000,0.1495219173
5624.0000000000,0.1249445749
5625.0000000000,0.1955362834
5626.0000000000,0.0995978325
5627.0000000000,0.1321655452
5628.0000000000,0.2859477441
5629.0000000000,0.1661115290
5630.0000000000,0.1530960903
5631.0000000000,0.2280223454
5632.0000000000,0.4582036388
5633.0000000000,0.1494054816
5634.0000000000,0.6084457781
5635.0000000000,0.1773711841
5636.0000000000,0.1863412182
5637.0000000000,0.3667837819
5638.0000000000,0.5745242062
5639.0000000000,0.4981202940
5640.0000000000,0.2478949882
5641.0000000000,0.1251576610
5642.0000000000,0.4271840255
5643.0000000000,0.4478651888
5644.0000000000,0.1041398866
5645.0000000000,0.4299873740
5646.0000000000,0.3055367937
5647.0000000000,0.4298519238
5648.0000000000,0.2271416442
5649.0000000000,0.1206568204
5650.0000000000,0.2530355236
5651.0000000000,0.2849548682
5652.0000000000,0.1456341514
5653.0000000000,0.1461311314
5654.0000000000,0.3901638927
5655.0000000000,0.2340499026
5656.0000000000,0.3784972513
5657.0000000000,0.2909930371
5658.0000000000,0.3524983909
5659.0000000000,0.1645677401
5660.0000000000,0.6438325064
5661.0000000000,0.2569459372
5662.0000000000,0.1988030794
5663.0000000000,0.5771584965
5664.0000000000,0.7558636831
5665.0000000000,0.1272319155
5666.0000000000,0.1970272480
5667.0000000000,0.3601010319
5668.0000000000,0.1137395723
5669.0000000000,0.1392735778
5670.0000000000,0.5149633107
5671.0000000000,0.0945637861
5672.0000000000,0.1207509575
5673.0000000000,0.1367183880
5674.0000000000,0.4811554550
5675.0000000000,0.3574603840
5676.0000000000,0.2960418412
5677.0000000000,0.2223257967
5678.0000000000,0.1360454066
5679.0000000000,0.0878913091
5680.0000000000,0.3347648916
5681.0000000000,0.7228449227
5682.0000000000,0.6175170350
5683.0000000000,0.1130643113
5684.0000000000,0.2283412430
5685.0000000000,0.2774688053
5686.0000000000,0.4455617119
5687.0000000000,0.3595025880
5688.0000000000,0.7926915373
5689.0000000000,0.2030295688
5690.0000000000,0.2096760884
5691.0000000000,0.1365005925
5692.0000000000,0.1824090854
5693.0000000000,0.2547157932
5694.0000000000,0.3023610682
5695.0000000000,0.3609211509
5696.0000000000,0.2683384431
5697.0000000000,0.1500179029
5698.0000000000,0.1810827615
5699.0000000000,0.1623749533
5700.0000000000,0.3830008441
5701.0000000000,0.1790402037
5702.0000000000,0.0550979416
5703.0000000000,0.1486321935
5704.0000000000,0.1261218882
5705.0000000000,0.3258258878
5706.0000000000,0.2113944513
5707.0000000000,0.1448330821
5708.0000000000,0.1602283556
5709.0000000000,0.4375126764
5710.0000000000,0.2501157067
5711.0000000000,0.3705385087
5712.0000000000,0.4674954441
5713.0000000000,0.3156524054
5714.0000000000,0.3553011534
5715.0000000000,0.2753391970
5716.0000000000,0.4063494037
5717.0000000000,0.3500283936
5718.0000000000,0.3576923322
5719.0000000000,0.1233263117
5720.0000000000,0.4721440204
5721.0000000000,0.4321442852
5722.0000000000,0.3820644035
5723.0000000000,0.3451233742
5724.0000000000,0.8443141938
5725.0000000000,0.0901339405
5726.0000000000,0.4302198646
5727.0000000000,0.1123007370
5728.0000000000,0.4809044263
5729.0000000000,0.3415180514
5730.0000000000,0.5027295912
5731.0000000000,0.4547175881
5732.0000000000,0.1881009394
5733.0000000000,0.0760302988
5734.0000000000,0.2606563073
5735.0000000000,0.1910430930
5736.0000000000,0.5949766207
5737.0000000000,0.1540822408
5738.0000000000,0.3347993769
5739.0000000000,0.2504475515
5740.0000000000,0.0843210253
5741.0000000000,0.2049255583
5742.0000000000,0.1411946719
5743.0000000000,0.2059221560
5744.0000000000,0.1318420911
5745.0000000000,0.1981730165
5746.0000000000,0.5933281589
5747.0000000000,0.3261755506
5748.0000000000,0.3686907775
5749.0000000000,0.1884573735
5750.0000000000,0.1122000627
5751.0000000000,0.3397178739
5752.0000000000,0.1350764202
5753.0000000000,0.2261353848
5754.0000000000,0.2281717486
5755.0000000000,0.2127936735
5756.0000000000,0.2265089368
5757.0000000000,0.2934809272
5758.0000000000,0.3575311309
5759.0000000000,0.1930129939
5760.0000000000,0.5012381524
5761.0000000000,0.1803359516
5762.0000000000,0.3012062304
5763.0000000000,0.3939830331
5764.0000000000,0.0824718263
5765.0000000000,0.4464998546
5766.0000000000,0.3085577417
5767.0000000000,0.0660137905
5768.0000000000,0.1681809918
5769.0000000000,0.1584411817
5770.0000000000,0.0871980850
5771.0000000000,0.1258340238
5772.0000000000,0.1220346862
5773.0000000000,0.7683470612
5774.0000000000,0.2714651380
5775.0000000000,0.5161542181
5776.0000000000,0.0769387153
5777.0000000000,0.1134140345
5778.0000000000,0.1072540737
5779.0000000000,0.4785989227
5780.0000000000,0.1091645761
5781.0000000000,0.4774004165
5782.0000000000,0.1187717963
5783.0000000000,0.7135559368
5784.0000000000,0.7528473852
5785.0000000000,0.5298812968
5786.0000000000,0.0889648400
5787.0000000000,0.2168704570
5788.0000000000,0.4572578915
5789.0000000000,0.0952442673
5790.0000000000,0.1811007637
5791.0000000000,0.5272413299
5792.0000000000,0.3282193961
5793.0000000000,0.1080201638
5794.0000000000,0.1091300152
5795.0000000000,0.3147622789
5796.0000000000,0.1188220128
5797.0000000000,0.3345817449
5798.0000000000,0.0974637721
5799.0000000000,0.3236991930
5800.0000000000,0.0854861609
5801.0000000000,0.3902257863
5802.0000000000,0.3663115290
5803.0000000000,0.2847483681
5804.0000000000,0.1101748525
5805.0000000000,0.3728650841
5806.0000000000,0.1874717912
5807.0000000000,0.4386095859
5808.0000000000,0.0970489755
5809.0000000000,0.2411958396
5810.0000000000,0.0487687727
5811.0000000000,0.3345595470
5812.0000000000,0.2869172623
5813.0000000000,0.0544566418
5814.0000000000,0.2098083760
5815.0000000000,0.0819769949
5816.0000000000,0.2824004282
5817.0000000000,0.5407819863
5818.0000000000,0.1545375267
5819.0000000000,0.3529819188
5820.0000000000,0.6787963430
5821.0000000000,0.3094798079
5822.0000000000,0.2382196693
5823.0000000000,0.1632784776
5824.0000000000,0.1511854953
5825.0000000000,0.1259724058
5826.0000000000,0.5037423246
5827.0000000000,0.0845873237
5828.0000000000,0.3441939193
5829.0000000000,0.1942621444
5830.0000000000,0.5669291854
5831.0000000000,0.2829954961
5832.0000000000,0.1635736501
5833.0000000000,0.4832227479
5834.0000000000,0.3984533838
5835.0000000000,0.4126083983
5836.0000000000,0.1067743735
5837.0000000000,0.7510279972
5838.0000000000,0.3860548627
5839.0000000000,0.3879342116
5840.0000000000,0.7464572291
5841.0000000000,0.0292388849
5842.0000000000,0.1515310179
5843.0000000000,0.4070360475
5844.0000000000,0.4853851002
5845.0000000000,0.6113722704
5846.0000000000,0.0567562541
5847.0000000000,0.1684775805
5848.0000000000,0.4077571689
5849.0000000000,0.4313111767
5850.0000000000,0.1226172757
5851.0000000000,0.2551912073
5852.0000000000,0.1939855543
5853.0000000000,0.3813181224
5854.0000000000,0.2276685047
5855.0000000000,0.4092480141
5856.0000000000,0.4931043902
5857.0000000000,0.2932521768
5858.0000000000,0.5491712724
5859.0000000000,0.2193802049
5860.0000000000,0.1959849672
5861.0000000000,0.1059327857
5862.0000000000,0.1728632059
5863.0000000000,0.2514291023
5864.0000000000,0.1747432581
5865.0000000000,0.2420066515
5866.0000000000,0.4309199115
5867.0000000000,0.1183023979
5868.0000000000,0.3504245521
5869.0000000000,0.1676902905
5870.0000000000,0.2031250607
5871.0000000000,0.0809196564
5872.0000000000,0.4480226071
5873.0000000000,0.1358936041
5874.0000000000,0.1832134176
5875.0000000000,0.1491310668
5876.0000000000,0.0713098997
5877.0000000000,0.2244420175
5878.0000000000,0.4123776983
5879.0000000000,0.4572775241
5880.0000000000,0.0927002431
5881.0000000000,0.4997436272
5882.0000000000,0.1919688589
5883.0000000000,0.4330057638
5884.0000000000,0.6100910002
5885.0000000000,0.2478087569
5886.0000000000,0.7618190248
5887.0000000000,0.3172129111
5888.0000000000,0.5060205959
5889.0000000000,0.1222254557
5890.0000000000,0.3991009670
5891.0000000000,0.0953587674
5892.0000000000,0.1258803881
5893.0000000000,0.2980543967
5894.0000000000,0.3405936005
5895.0000000000,0.1036330193
5896.0000000000,0.5971228224
5897.0000000000,0.0806339736
5898.0000000000,0.4124709685
5899.0000000000,0.2417698936
5900.0000000000,0.6846907945
5901.0000000000,0.8337447123
5902.0000000000,0.2811852808
5903.0000000000,0.1325292502
5904.0000000000,0.1549436535
5905.0000000000,0.3418018546
5906.0000000000,0.6071570400
5907.0000000000,0.1224175924
5908.0000000000,0.3506446908
5909.0000000000,0.2823341496
5910.0000000000,0.4745647075
5911.0000000000,0.4001710394
5912.0000000000,0.0733573201
5913.0000000000,0.2509850573
5914.0000000000,0.5404089270
5915.0000000000,0.4968508259
5916.0000000000,0.5538934203
5917.0000000000,0.5015085380
5918.0000000000,0.2496600857
5919.0000000000,0.2655219178
5920.0000000000,0.5039720741
5921.0000000000,0.0588827790
5922.0000000000,0.0856054243
5923.0000000000,0.6032371363
5924.0000000000,0.4056885940
5925.0000000000,0.0966033566
5926.0000000000,0.1452842338
5927.0000000000,0.1179622272
5928.0000000000,0.4068829760
5929.0000000000,0.1420854957
5930.0000000000,0.3653113392
5931.0000000000,0.4842364966
5932.0000000000,0.2153515567
5933.0000000000,0.6825444469
5934.0000000000,0.1792720947
5935.0000000000,0.4217948170
5936.0000000000,0.1466824099
5937.0000000000,0.1066018467
5938.0000000000,0.3830785861
5939.0000000000,0.2286517264
5940.0000000000,0.0621793740
5941.0000000000,0.5218564816
5942.0000000000,0.3142064194
5943.0000000000,0.2153998936
5944.0000000000,0.2896462348
5945.0000000000,0.2822456798
5946.0000000000,0.2106357426
5947.0000000000,0.2789550090
5948.0000000000,0.1619023589
5949.0000000000,0.0805536931
5950.0000000000,0.3207893675
5951.0000000000,0.4368974357
5952.0000000000,0.2341808146
5953.0000000000,0.4563966804
5954.0000000000,0.2605581200
5955.0000000000,0.2229525465
5956.0000000000,0.3544305623
5957.0000000000,0.5277066824
5958.0000000000,0.5000911033
5959.0000000000,0.8067953760
5960.0000000000,0.2150643384
5961.0000000000,0.1182535027
5962.0000000000,0.0953780158
5963.0000000000,0.3925226534
5964.0000000000,0.6919385676
5965.0000000000,0.0860324059
5966.0000000000,0.5243033101
5967.0000000000,0.2563836362
5968.0000000000,0.2435167963
5969.0000000000,0.2759231478
5970.0000000000,0.3839607428
5971.0000000000,0.5652886533
5972.0000000000,0.3312213048
5973.0000000000,0.1339021360
5974.0000000000,0.2921785308
5975.0000000000,0.2724497617
5976.0000000000,0.2982327122
5977.0000000000,0.3138103877
5978.0000000000,0.2127865089
5979.0000000000,0.1275055066
5980.0000000000,0.4011912079
5981.0000000000,0.4430280631
5982.0000000000,0.2449795205
5983.0000000000,0.3373614239
5984.0000000000,0.3451128564
5985.0000000000,0.1203574542
5986.0000000000,0.2328496058
5987.0000000000,0.3614880175
5988.0000000000,0.1788401010
5989.0000000000,0.4260650911
5990.0000000000,0.3777958856
5991.0000000000,0.2524369664
5992.0000000000,0.3799613558
5993.0000000000,0.7388584340
5994.0000000000,0.0853743016
5995.0000000000,0.1828255414
5996.0000000000,0.4480435873
5997.0000000000,0.0790412574
5998.0000000000,0.0785892187
5999.0000000000,0.2467668322
6000.0000000000,0.0933048346
6001.0000000000,0.6171005422
6002.0000000000,0.4827437216
6003.0000000000,0.4393055572
6004.0000000000,0.2586879465
6005.0000000000,0.1292170631
6006.0000000000,0.1920802383
6007.0000000000,0.1916562795
6008.0000000000,0.0636173110
6009.0000000000,0.2243645428
6010.0000000000,0.1693493281
6011.0000000000,0.3175642485
6012.0000000000,0.2526018824
6013.0000000000,0.2305815854
6014.0000000000,0.5008266833
6015.0000000000,0.4910432289
6016.0000000000,0.2279609301
6017.0000000000,0.4485462807
6018.0000000000,0.1346866554
6019.0000000000,0.1542687641
6020.0000000000,0.2333153058
6021.0000000000,0.4562083818
6022.0000000000,0.4452759538
6023.0000000000,0.3310553379
6024.0000000000,0.2965925996
6025.0000000000,0.1332828431
6026.0000000000,0.6202818377
6027.0000000000,0.2244114911
6028.0000000000,0.2781816272
6029.0000000000,0.1944553052
6030.0000000000,0.1924935840
6031.0000000000,0.5760419684
6032.0000000000,0.2306394763
6033.0000000000,0.0767127472
6034.0000000000,0.1694965480
6035.0000000000,0.3352759192
6036.0000000000,0.1635773632
6037.0000000000,0.3665221823
6038.0000000000,0.7741284246
6039.0000000000,0.1078648458
6040.0000000000,0.3094924097
6041.0000000000,0.2029720020
6042.0000000000,0.0935707663
6043.0000000000,0.2746330136
6044.0000000000,0.7811783844
6045.0000000000,0.3162183445
6046.0000000000,0.1567650650
6047.0000000000,0.3343721187
6048.0000000000,0.2467358861
6049.0000000000,0.3446872524
6050.0000000000,0.2322237620
6051.0000000000,0.5177325853
6052.0000000000,0.8332197863
6053.0000000000,0.4396645324
6054.0000000000,0.2522469798
6055.0000000000,0.1341268236
6056.0000000000,0.5301247434
6057.0000000000,0.1761100325
6058.0000000000,0.1387245990
6059.0000000000,0.4898768552
6060.0000000000,0.0289914042
6061.0000000000,0.5648172475
6062.0000000000,0.1710637656
6063.0000000000,0.1719499843
6064.0000000000,0.3592213634
6065.0000000000,0.1963442110
6066.0000000000,0.0694828808
6067.0000000000,0.5502819429
6068.0000000000,0.1972716846
6069.0000000000,0.0232104870
6070.0000000000,0.2186998000
6071.0000000000,0.6243611700
6072.0000000000,0.1457204325
6073.0000000000,0.1155412003
6074.0000000000,0.8041398033
6075.0000000000,0.2381833672
6076.0000000000,0.4483238617
6077.0000000000,0.5419793550
6078.0000000000,0.6079631980
6079.0000000000,0.1113577244
6080.0000000000,0.1487719284
6081.0000000000,0.1341182198
6082.0000000000,0.1906169693
6083.0000000000,0.0879228726
6084.0000000000,0.4768261746
6085.0000000000,0.4611847828
6086.0000000000,0.1190332237
6087.0000000000,0.1983665125
6088.0000000000,0.2527037540
6089.0000000000,0.1198609093
6090.0000000000,0.3607605509
6091.0000000000,0.2828699965
6092.0000000000,0.3058878267
6093.0000000000,0.8941033457
6094.0000000000,0.3517596386
6095.0000000000,0.1131793128
6096.0000000000,0.5424121955
6097.0000000000,0.0759258516
6098.0000000000,0.1306753087
6099.0000000000,0.5660393285
6100.0000000000,0.1527152048
6101.0000000000,0.5626926277
6102.0000000000,0.1010345170
6103.0000000000,0.4766427580
6104.0000000000,0.1124122204
6105.0000000000,0.4395446087
6106.0000000000,0.1499095299
6107.0000000000,0.3548320149
6108.0000000000,0.2231114555
6109.0000000000,0.3179499591
6110.0000000000,0.4152770134
6111.0000000000,0.2338575846
6112.0000000000,0.2736903552
6113.0000000000,0.5301972753
6114.0000000000,0.4059529365
6115.0000000000,0.1706624478
6116.0000000000,0.4237533529
6117.0000000000,0.4381763056
6118.0000000000,0.6475465527
6119.0000000000,0.5096755099
6120.0000000000,0.2550664128
6121.0000000000,0.6030723668
6122.0000000000,0.2443853526
6123.0000000000,0.2030493947
6124.0000000000,0.1023776042
6125.0000000000,0.0896427589
6126.0000000000,0.0946253864
6127.0000000000,0.1407127684
6128.0000000000,0.1211630005
6129.0000000000,0.1007227576
6130.0000000000,0.2442380136
6131.0000000000,0.3002866398
6132.0000000000,0.4159495637
6133.0000000000,0.2011306743
6134.0000000000,0.2877088744
6135.0000000000,0.0761720223
6136.0000000000,0.5109480505
6137.0000000000,0.4341355589
6138.0000000000,0.0847509551
6139.0000000000,0.1260624227
6140.0000000000,0.4324363490
6141.0000000000,0.5841454487
6142.0000000000,0.1133225350
6143.0000000000,0.1350914658
6144.0000000000,0.3617368037
6145.0000000000,0.2254220344
6146.0000000000,0.5433398915
6147.0000000000,0.1226820473
6148.0000000000,0.2626964310
6149.0000000000,0.1242829823
6150.0000000000,0.1077545283
6151.0000000000,0.1301153378
6152.0000000000,0.6090639178
6153.0000000000,0.2437746654
6154.0000000000,0.1460730120
6155.0000000000,0.0709931206
6156.0000000000,0.2363835209
6157.0000000000,0.1874087789
6158.0000000000,0.5121806490
6159.0000000000,0.3237795587
6160.0000000000,0.3860631906
6161.0000000000,0.5936191040
6162.0000000000,0.4939428763
6163.0000000000,0.3428277506
6164.0000000000,0.6253561734
6165.0000000000,0.1884390271
6166.0000000000,0.1230086837
6167.0000000000,0.6165496888
6168.0000000000,0.1119373142
6169.0000000000,0.7682969112
6170.0000000000,0.0910794060
6171.0000000000,0.1032775545
6172.0000000000,0.5770814884
6173.0000000000,0.2056643845
6174.0000000000,0.2384528954
6175.0000000000,0.6034243727
6176.0000000000,0.2534495532
6177.0000000000,0.2413782441
6178.0000000000,0.3040708708
6179.0000000000,0.2198313115
6180.0000000000,0.4679075012
6181.0000000000,0.2251170069
6182.0000000000,0.6344057291
6183.0000000000,0.4562565264
6184.0000000000,0.2974535257
6185.0000000000,0.2837070445
6186.0000000000,0.0994689188
6187.0000000000,0.1259168326
6188.0000000000,0.1616592069
6189.0000000000,0.4222797563
6190.0000000000,0.2286547164
6191.0000000000,0.3052151888
6192.0000000000,0.3197294196
6193.0000000000,0.1562828297
6194.0000000000,0.2312792029
6195.0000000000,0.1920043469
6196.0000000000,0.4564531064
6197.0000000000,0.1004039708
6198.0000000000,0.5292755465
6199.0000000000,0.3593658682
6200.0000000000,0.2507030504
6201.0000000000,0.1101559303
6202.0000000000,0.2818737630
6203.0000000000,0.4662045632
6204.0000000000,0.4382299242
6205.0000000000,0.0970700340
6206.0000000000,0.0498288483
6207.0000000000,0.8301879157
6208.0000000000,0.0790009935
6209.0000000000,0.6310523396
6210.0000000000,0.0712651340
6211.0000000000,0.0821694507
6212.0000000000,0.1028151116
6213.0000000000,0.3657617746
6214.0000000000,0.2298306136
6215.0000000000,0.0832298611
6216.0000000000,0.4463147283
6217.0000000000,0.4392248249
6218.0000000000,0.2101657867
6219.0000000000,0.5380197101
6220.0000000000,0.1247748237
6221.0000000000,0.1119014720
6222.0000000000,0.1727893727
6223.0000000000,0.0904151103
6224.0000000000,0.1736481393
6225.0000000000,0.5344882904
6226.0000000000,0.2489540715
6227.0000000000,0.2169806040
6228.0000000000,0.1805439300
6229.0000000000,0.1889427399
6230.0000000000,0.2993239681
6231.0000000000,0.0688423884
6232.0000000000,0.2850307887
6233.0000000000,0.1452378915
6234.0000000000,0.0569408864
6235.0000000000,0.1976964889
6236.0000000000,0.1593557033
6237.0000000000,0.1090123200
6238.0000000000,0.2362515774
6239.0000000000,0.0502485375
6240.0000000000,0.3345280547
6241.0000000000,0.3333045527
6242.0000000000,0.3332297603
6243.0000000000,0.2066053542
6244.0000000000,0.2518517628
6245.0000000000,0.3091883210
6246.0000000000,0.0332774945
6247.0000000000,0.2849477728
6248.0000000000,0.3456342864
6249.0000000000,0.3183251050
6250.0000000000,0.1886150493
6251.0000000000,0.4262763243
6252.0000000000,0.6366221680
6253.0000000000,0.4249690722
6254.0000000000,0.0860089331
6255.0000000000,0.1775473949
6256.0000000000,0.0593264464
6257.0000000000,0.2452541621
6258.0000000000,0.3153536040
6259.0000000000,0.1066966895
6260.0000000000,0.2767249991
6261.0000000000,0.2176844499
6262.0000000000,0.3622739402
6263.0000000000,0.1540549218
6264.0000000000,0.2069470942
6265.0000000000,0.0910741159
6266.0000000000,0.7188571381
6267.0000000000,0.1689825465
6268.0000000000,0.2521091513
6269.0000000000,0.1396421348
6270.0000000000,0.6805242846
6271.0000000000,0.3995336931
6272.0000000000,0.1529335094
6273.0000000000,0.0694134062
6274.0000000000,0.2310741868
6275.0000000000,0.0655631076
6276.0000000000,0.1626007928
6277.0000000000,0.3637057006
6278.0000000000,0.6557927662
6279.0000000000,0.0373873659
6280.0000000000,0.0350036003
6281.0000000000,0.5781464664
6282.0000000000,0.1900565034
6283.0000000000,0.7397439660
6284.0000000000,0.4821880129
6285.0000000000,0.5122273180
6286.0000000000,0.0843168066
6287.0000000000,0.5984541952
6288.0000000000,0.1333999868
6289.0000000000,0.3056510654
6290.0000000000,0.0723039690
6291.0000000000,0.0899212370
6292.0000000000,0.3452561452
6293.0000000000,0.4086342015
6294.0000000000,0.7311653445
6295.0000000000,0.4412137340
6296.0000000000,0.2862129910
6297.0000000000,0.3253916259
6298.0000000000,0.2440533027
6299.0000000000,0.2238202209
6300.0000000000,0.1413111821
6301.0000000000,0.0934036235
6302.0000000000,0.6110116754
6303.0000000000,0.4397052003
6304.0000000000,0.7610951973
6305.0000000000,0.0872807340
6306.0000000000,0.1107758763
6307.0000000000,0.5360433824
6308.0000000000,0.4061662109
6309.0000000000,0.0907380898
6310.0000000000,0.3535348000
6311.0000000000,0.1157023835
6312.0000000000,0.2610501514
6313.0000000000,0.7030956076
6314.0000000000,0.2829686273
6315.0000000000,0.0606766203
6316.0000000000,0.0372743631
6317.0000000000,0.3492267711
6318.0000000000,0.1922107249
6319.0000000000,0.2151794486
6320.0000000000,0.2064402047
6321.0000000000,0.2696189852
6322.0000000000,0.4124464653
6323.0000000000,0.2611504330
6324.0000000000,0.6578657731
6325.0000000000,0.5971166876
6326.0000000000,0.0618118017
6327.0000000000,0.1289133594
6328.0000000000,0.1253001802
6329.0000000000,0.3572029934
6330.0000000000,0.1414553187
6331.0000000000,0.2949176117
6332.0000000000,0.4343955722
6333.0000000000,0.1558352800
6334.0000000000,0.3340284610
6335.0000000000,0.8686249645
6336.0000000000,0.2458438654
6337.0000000000,0.8797855031
6338.0000000000,0.2398516093
6339.0000000000,0.4720660992
6340.0000000000,0.4365477676
6341.0000000000,0.3036296760
6342.0000000000,0.2421249862
6343.0000000000,0.9323329851
6344.0000000000,0.4805620282
6345.0000000000,0.2282447637
6346.0000000000,0.1909026999
6347.0000000000,0.1039853168
6348.0000000000,0.1777092457
6349.0000000000,0.1097155502
6350.0000000000,0.4324723052
6351.0000000000,0.0853799756
6352.0000000000,0.1361842957
6353.0000000000,0.2805681126
6354.0000000000,0.2929118780
6355.0000000000,0.2232147207
6356.0000000000,0.2609102219
6357.0000000000,0.0965569083
6358.0000000000,0.1428036906
6359.0000000000,0.1667337885
6360.0000000000,0.2408551228
6361.0000000000,0.3634443601
6362.0000000000,0.2046943456
6363.0000000000,0.1136117148
6364.0000000000,0.0351415776
6365.0000000000,0.1660965439
6366.0000000000,0.3055407483
6367.0000000000,0.2233310687
6368.0000000000,0.1297750273
6369.0000000000,0.6057869508
6370.0000000000,0.1582549868
6371.0000000000,0.0954920454
6372.0000000000,0.2716724996
6373.0000000000,0.1119510043
6374.0000000000,0.1387237950
6375.0000000000,0.1568535365
6376.0000000000,0.1161058227
6377.0000000000,0.5240352378
6378.0000000000,0.2564064394
6379.0000000000,0.2492229465
6380.0000000000,0.1364083902
6381.0000000000,0.4060502114
6382.0000000000,0.2031558978
6383.0000000000,0.4521657950
6384.0000000000,0.1537952797
6385.0000000000,0.3048023605
6386.0000000000,0.4117402467
6387.0000000000,0.1964471415
6388.0000000000,0.2019374768
6389.0000000000,0.4629001831
6390.0000000000,0.6060109685
6391.0000000000,0.1772224709
6392.0000000000,0.2329667387
6393.0000000000,0.2005897514
6394.0000000000,0.8350497470
6395.0000000000,0.1442514180
6396.0000000000,0.1609276049
6397.0000000000,0.5139623684
6398.0000000000,0.5777197062
6399.0000000000,0.2152825881
6400.0000000000,0.3435549266
6401.0000000000,0.2318287650
6402.0000000000,0.2057968437
6403.0000000000,0.4576532400
6404.0000000000,0.2201357818
6405.0000000000,0.2904894139
6406.0000000000,0.5449139858
6407.0000000000,0.1956559980
6408.0000000000,0.1749914144
6409.0000000000,0.0134556131
6410.0000000000,0.6736977552
6411.0000000000,0.3665780026
6412.0000000000,0.3619372769
6413.0000000000,0.1891679877
6414.0000000000,0.4097079184
6415.0000000000,0.3303980222
6416.0000000000,0.2530038293
6417.0000000000,0.5152772032
6418.0000000000,0.2668015041
6419.0000000000,0.0502083017
6420.0000000000,0.1938866911
6421.0000000000,0.1293362663
6422.0000000000,0.3059314311
6423.0000000000,0.2045902957
6424.0000000000,0.1443011489
6425.0000000000,0.1562938033
6426.0000000000,0.4501744918
6427.0000000000,0.4941957662
6428.0000000000,0.1630949041
6429.0000000000,0.1814143756
6430.0000000000,0.0794462538
6431.0000000000,0.4863796909
6432.0000000000,0.1330493802
6433.0000000000,0.5050274774
6434.0000000000,0.1880333846
6435.0000000000,0.3631011262
6436.0000000000,0.2298677267
6437.0000000000,0.4085202111
6438.0000000000,0.3241498578
6439.0000000000,0.6928165592
6440.0000000000,0.2488424717
6441.0000000000,0.3658312676
6442.0000000000,0.2204694952
6443.0000000000,0.6273464705
6444.0000000000,0.2444172649
6445.0000000000,0.0946437542
6446.0000000000,0.3464684136
6447.0000000000,0.3116074131
6448.0000000000,0.6819258998
6449.0000000000,0.1860781647
6450.0000000000,0.5229436890
6451.0000000000,0.0930649826
6452.0000000000,0.5432548893
6453.0000000000,0.3030413276
6454.0000000000,0.4830915107
6455.0000000000,0.2086539346
6456.0000000000,0.0769480857
6457.0000000000,0.2478258186
6458.0000000000,0.3910140585
6459.0000000000,0.4669661017
6460.0000000000,0.1379907247
6461.0000000000,0.3819965463
6462.0000000000,0.4721968547
6463.0000000000,0.1529827283
6464.0000000000,0.1412149795
6465.0000000000,0.2076602459
6466.0000000000,0.3717485413
6467.0000000000,0.1835446952
6468.0000000000,0.5885855472
6469.0000000000,0.4419015969
6470.0000000000,0.6200077001
6471.0000000000,0.0893197269
6472.0000000000,0.4331722765
6473.0000000000,0.1963473776
6474.0000000000,0.2197203017
6475.0000000000,0.4026309640
6476.0000000000,0.1845389397
6477.0000000000,0.2744536596
6478.0000000000,0.4724454656
6479.0000000000,0.2997167012
6480.0000000000,0.2373692714
6481.0000000000,0.2838988290
6482.0000000000,0.3928586288
6483.0000000000,0.4580905320
6484.0000000000,0.1366471157
6485.0000000000,0.4893407046
6486.0000000000,0.3339011162
6487.0000000000,0.4231627362
6488.0000000000,0.3977060702
6489.0000000000,0.3366285061
6490.0000000000,0.2856746604
6491.0000000000,0.1655261910
6492.0000000000,0.0883368303
6493.0000000000,0.3753852180
6494.0000000000,0.0470693872
6495.0000000000,0.4682007269
6496.0000000000,0.1287515504
6497.0000000000,0.0671033089
6498.0000000000,0.0787143564
6499.0000000000,0.0918998521
6500.0000000000,0.3102310932
6501.0000000000,0.5661940130
6502.0000000000,0.3496651089
6503.0000000000,0.1045263464
6504.0000000000,0.3226905122
6505.0000000000,0.2380907034
6506.0000000000,0.1429797536
6507.0000000000,0.1458422803
6508.0000000000,0.0744531895
6509.0000000000,0.3582071668
6510.0000000000,0.0215108042
6511.0000000000,0.0598208116
6512.0000000000,0.5277034476
6513.0000000000,0.0808369137
6514.0000000000,0.2894943022
6515.0000000000,0.0882923098
6516.0000000000,0.1105627016
6517.0000000000,0.6100354113
6518.0000000000,0.6579050602
6519.0000000000,0.6216090685
6520.0000000000,0.2400212521
6521.0000000000,0.1958616185
6522.0000000000,0.3731988457
6523.0000000000,0.1137231109
6524.0000000000,0.2541614524
6525.0000000000,0.1850791847
6526.0000000000,0.1653043556
6527.0000000000,0.0537983455
6528.0000000000,0.3711401756
6529.0000000000,0.1698487552
6530.0000000000,0.2724964766
6531.0000000000,0.1655188678
6532.0000000000,0.3028701643
6533.0000000000,0.5740266400
6534.0000000000,0.1002423424
6535.0000000000,0.2908906635
6536.0000000000,0.1631545348
6537.0000000000,0.2436480655
6538.0000000000,0.2390073034
6539.0000000000,0.0702505876
6540.0000000000,0.1018111988
6541.0000000000,0.1380545230
6542.0000000000,0.4306547781
6543.0000000000,0.1187838432
6544.0000000000,0.2064718328
6545.0000000000,0.3191489254
6546.0000000000,0.2944802327
6547.0000000000,0.1851348431
6548.0000000000,0.1183584362
6549.0000000000,0.3167109689
6550.0000000000,0.3380496961
6551.0000000000,0.4093480362
6552.0000000000,0.0559408990
6553.0000000000,0.0508160694
6554.0000000000,0.0985246865
6555.0000000000,0.4470347847
6556.0000000000,0.5675313229
6557.0000000000,0.2221279565
6558.0000000000,0.3312752766
6559.0000000000,0.3227503091
6560.0000000000,0.1905266229
6561.0000000000,0.0815262569
6562.0000000000,0.3951005371
6563.0000000000,0.2341866739
6564.0000000000,0.0930505112
6565.0000000000,0.1263127139
6566.0000000000,0.1565676055
6567.0000000000,0.8578950132
6568.0000000000,0.0739064083
6569.0000000000,0.6323688148
6570.0000000000,0.0950225891
6571.0000000000,0.2081037959
6572.0000000000,0.3021575183
6573.0000000000,0.1479678226
6574.0000000000,0.1950488046
6575.0000000000,0.1144487270
6576.0000000000,0.3436912457
6577.0000000000,0.1331549586
6578.0000000000,0.0898959776
6579.0000000000,0.6370152593
6580.0000000000,0.2177322133
6581.0000000000,0.4504031400
6582.0000000000,0.1920654766
6583.0000000000,0.2109612262
6584.0000000000,0.3886480696
6585.0000000000,0.2698935719
6586.0000000000,0.4315642184
6587.0000000000,0.4318344315
6588.0000000000,0.5218632884
6589.0000000000,0.2379548515
6590.0000000000,0.1428981002
6591.0000000000,0.1029320747
6592.0000000000,0.4023693604
6593.0000000000,0.0955839032
6594.0000000000,0.1927287135
6595.0000000000,0.1458498168
6596.0000000000,0.1883764071
6597.0000000000,0.4104640187
6598.0000000000,0.3904071464
6599.0000000000,0.1312057361
6600.0000000000,0.4889564381
6601.0000000000,0.6112033141
6602.0000000000,0.4628979764
6603.0000000000,0.1252555677
6604.0000000000,0.1161124161
6605.0000000000,0.1646184600
6606.0000000000,0.6179117183
6607.0000000000,0.5934396941
6608.0000000000,0.2489275722
6609.0000000000,0.1110772399
6610.0000000000,0.5627257745
6611.0000000000,0.1816937122
6612.0000000000,0.0645191599
6613.0000000000,0.2177571985
6614.0000000000,0.3091660526
6615.0000000000,0.1761314568
6616.0000000000,0.1324613402
6617.0000000000,0.4971805359
6618.0000000000,0.1747517475
6619.0000000000,0.0751060506
6620.0000000000,0.3542121631
6621.0000000000,0.6492125964
6622.0000000000,0.0457580696
6623.0000000000,0.4305649431
6624.0000000000,0.2869995491
6625.0000000000,0.2407965359
6626.0000000000,0.2378447146
6627.0000000000,0.1584044154
6628.0000000000,0.2692286538
6629.0000000000,0.6492100402
6630.0000000000,0.2575871166
6631.0000000000,0.2255537772
6632.0000000000,0.4318035493
6633.0000000000,0.1563780283
6634.0000000000,0.3005995774
6635.0000000000,0.5487184772
6636.0000000000,0.3252270741
6637.0000000000,0.7356395020
6638.0000000000,0.1264960459
6639.0000000000,0.3691312074
6640.0000000000,0.3308950466
6641.0000000000,0.1576980975
6642.0000000000,0.6544006922
6643.0000000000,0.1974664752
6644.0000000000,0.1267013981
6645.0000000000,0.1709375733
6646.0000000000,0.2501795706
6647.0000000000,0.1497612073
6648.0000000000,0.5084652645
6649.0000000000,0.3980208035
6650.0000000000,0.1691138689
6651.0000000000,0.3980503025
6652.0000000000,0.5841697392
6653.0000000000,0.3320082442
6654.0000000000,0.3475497169
6655.0000000000,0.2234615864
6656.0000000000,0.0857172870
6657.0000000000,0.0590704143
6658.0000000000,0.1346034361
6659.0000000000,0.0787229987
6660.0000000000,0.2452656602
6661.0000000000,0.2049747467
6662.0000000000,0.0754844431
6663.0000000000,0.0600334104
6664.0000000000,0.0816803842
6665.0000000000,0.3079115044
6666.0000000000,0.3141768195
6667.0000000000,0.1681003134
6668.0000000000,0.0772442900
6669.0000000000,0.2829526492
6670.0000000000,0.1850524550
6671.0000000000,0.3069447752
6672.0000000000,0.2542233507
6673.0000000000,0.1016265996
6674.0000000000,0.1690555425
6675.0000000000,0.3962533662
6676.0000000000,0.2018971443
6677.0000000000,0.2665342455
6678.0000000000,0.2050966837
6679.0000000000,0.2200009724
6680.0000000000,0.1573214051
6681.0000000000,0.2751135586
6682.0000000000,0.1079846902
6683.0000000000,0.1609688682
6684.0000000000,0.1807484244
6685.0000000000,0.2010474022
6686.0000000000,0.2754018211
6687.0000000000,0.0805901942
6688.0000000000,0.1066168238
6689.0000000000,0.0421099824
6690.0000000000,0.2555247673
6691.0000000000,0.0728319747
6692.0000000000,0.1029092939
6693.0000000000,0.1385768433
6694.0000000000,0.1070892082
6695.0000000000,0.2659777773
6696.0000000000,0.3797415810
6697.0000000000,0.1954218950
6698.0000000000,0.1161017210
6699.0000000000,0.5890427401
6700.0000000000,0.1649926812
6701.0000000000,0.5365681442
6702.0000000000,0.2325527613
6703.0000000000,0.1453006972
6704.0000000000,0.4718588924
6705.0000000000,0.4275342812
6706.0000000000,0.2063516533
6707.0000000000,0.6274042387
6708.0000000000,0.1141242913
6709.0000000000,0.4269169255
6710.0000000000,0.1769300572
6711.0000000000,0.3842689369
6712.0000000000,0.6580175526
6713.0000000000,0.5249675312
6714.0000000000,0.4853540732
6715.0000000000,0.6277832064
6716.0000000000,0.1161035174
6717.0000000000,0.2889973460
6718.0000000000,0.1587867042
6719.0000000000,0.1216452331
6720.0000000000,0.3002282047
6721.0000000000,0.2847215989
6722.0000000000,0.1101495586
6723.0000000000,0.4528467825
6724.0000000000,0.0622274079
6725.0000000000,0.0590786111
6726.0000000000,0.3031957529
6727.0000000000,0.4066683980
6728.0000000000,0.1905782910
6729.0000000000,0.2970699095
6730.0000000000,0.1418688838
6731.0000000000,0.2372383165
6732.0000000000,0.4114773377
6733.0000000000,0.2354827495
6734.0000000000,0.1636880125
6735.0000000000,0.1016769379
6736.0000000000,0.2774469830
6737.0000000000,0.1573987467
6738.0000000000,0.0440247787
6739.0000000000,0.5863513369
6740.0000000000,0.4495984816
6741.0000000000,0.2438016744
6742.0000000000,0.1344421870
6743.0000000000,0.0913904553
6744.0000000000,0.4746490181
6745.0000000000,0.1061525224
6746.0000000000,0.1711762045
6747.0000000000,0.5527502810
6748.0000000000,0.0513591662
6749.0000000000,0.2747680765
6750.0000000000,0.2704582709
6751.0000000000,0.3291276467
6752.0000000000,0.5511536273
6753.0000000000,0.2076522725
6754.0000000000,0.2024004975
6755.0000000000,0.0852530432
6756.0000000000,0.3473099630
6757.0000000000,0.1547400635
6758.0000000000,0.2475376434
6759.0000000000,0.2714377585
6760.0000000000,0.1566771895
6761.0000000000,0.5042248459
6762.0000000000,0.3741443767
6763.0000000000,0.2001466650
6764.0000000000,0.3708687297
6765.0000000000,0.4127074796
6766.0000000000,0.2949577573
6767.0000000000,0.6092574864
6768.0000000000,0.1272800746
6769.0000000000,0.4844627133
6770.0000000000,0.5543494825
6771.0000000000,0.4491717649
6772.0000000000,0.2787872290
6773.0000000000,0.2394587494
6774.0000000000,0.1602908248
6775.0000000000,0.6071191295
6776.0000000000,0.0994619285
6777.0000000000,0.5303999348
6778.0000000000,0.3915289226
6779.0000000000,0.1849866105
6780.0000000000,0.6599174344
6781.0000000000,0.2551112249
6782.0000000000,0.0575836675
6783.0000000000,0.1483622677
6784.0000000000,0.0594819954
6785.0000000000,0.2494940830
6786.0000000000,0.4772917516
6787.0000000000,0.3196297420
6788.0000000000,0.4365769218
6789.0000000000,0.2829580462
6790.0000000000,0.0580640426
6791.0000000000,0.6929408935
6792.0000000000,0.4600370397
6793.0000000000,0.6207889411
6794.0000000000,0.4702785821
6795.0000000000,0.4402512146
6796.0000000000,0.0971653028
6797.0000000000,0.1949851945
6798.0000000000,0.2905619120
6799.0000000000,0.6868798976
6800.0000000000,0.1684197581
6801.0000000000,0.4435426453
6802.0000000000,0.4253542123
6803.0000000000,0.7112120491
6804.0000000000,0.3763100064
6805.0000000000,0.1987972616
6806.0000000000,0.4579809510
6807.0000000000,0.6457371434
6808.0000000000,0.5288573837
6809.0000000000,0.5814374871
6810.0000000000,0.1475491344
6811.0000000000,0.7456625712
6812.0000000000,0.0588348581
6813.0000000000,0.2195128216
6814.0000000000,0.2861932162
6815.0000000000,0.4746381333
6816.0000000000,0.1447326496
6817.0000000000,0.7170959065
6818.0000000000,0.1839038069
6819.0000000000,0.3190044708
6820.0000000000,0.2534671009
6821.0000000000,0.0980662056
6822.0000000000,0.5748383559
6823.0000000000,0.2696176989
6824.0000000000,0.6491243998
6825.0000000000,0.1454837739
6826.0000000000,0.1161191978
6827.0000000000,0.0827360109
6828.0000000000,0.1549733552
6829.0000000000,0.6448915388
6830.0000000000,0.0669282305
6831.0000000000,0.1212487980
6832.0000000000,0.0593494004
6833.0000000000,0.2723657552
6834.0000000000,0.3541657840
6835.0000000000,0.4827794494
6836.0000000000,0.3695279626
6837.0000000000,0.3379192108
6838.0000000000,0.6155950520
6839.0000000000,0.3221865847
6840.0000000000,0.5222512368
6841.0000000000,0.1809076363
6842.0000000000,0.3801737181
6843.0000000000,0.2872597748
6844.0000000000,0.3972258376
6845.0000000000,0.1735823226
6846.0000000000,0.2900260216
6847.0000000000,0.2171667085
6848.0000000000,0.3577381912
6849.0000000000,0.1801694212
6850.0000000000,0.0603537942
6851.0000000000,0.1831731035
6852.0000000000,0.2464452715
6853.0000000000,0.1180222545
6854.0000000000,0.1931469317
6855.0000000000,0.3019781496
6856.0000000000,0.0294219938
6857.0000000000,0.0818175471
6858.0000000000,0.2832312243
6859.0000000000,0.3356192066
6860.0000000000,0.8079864958
6861.0000000000,0.1561165668
6862.0000000000,0.4534509090
6863.0000000000,0.1342697655
6864.0000000000,0.1916341642
6865.0000000000,0.2405171030
6866.0000000000,0.2184889153
6867.0000000000,0.6528510668
6868.0000000000,0.6929398641
6869.0000000000,0.0749075262
6870.0000000000,0.2559705584
6871.0000000000,0.6437736777
6872.0000000000,0.1783736762
6873.0000000000,0.4315610007
6874.0000000000,0.1486026785
6875.0000000000,0.2804463803
6876.0000000000,0.1696422324
6877.0000000000,0.4853825765
6878.0000000000,0.2015114293
6879.0000000000,0.7256776099
6880.0000000000,0.3203348167
6881.0000000000,0.2867920701
6882.0000000000,0.2541811295
6883.0000000000,0.1291007827
6884.0000000000,0.4256771089
6885.0000000000,0.3305499889
6886.0000000000,0.2020427233
6887.0000000000,0.3162533506
6888.0000000000,0.1171401907
6889.0000000000,0.1894379921
6890.0000000000,0.4520705472
6891.0000000000,0.4414918282
6892.0000000000,0.1738885243
6893.0000000000,0.2269854867
6894.0000000000,0.1026938816
6895.0000000000,0.3767965528
6896.0000000000,0.1224821797
6897.0000000000,0.4258703252
6898.0000000000,0.5490537615
6899.0000000000,0.3383994084
6900.0000000000,0.5254997537
6901.0000000000,0.4676708596
6902.0000000000,0.4260842070
6903.0000000000,0.4407598652
6904.0000000000,0.3545419842
6905.0000000000,0.3079590296
6906.0000000000,0.7207433555
6907.0000000000,0.5953329197
6908.0000000000,0.5072992894
6909.0000000000,0.3004256137
6910.0000000000,0.2567512409
6911.0000000000,0.5405193569
6912.0000000000,0.2470725748
6913.0000000000,0.0961703807
6914.0000000000,0.4191086305
6915.0000000000,0.5162246686
6916.0000000000,0.0916556563
6917.0000000000,0.1010027545
6918.0000000000,0.2504807502
6919.0000000000,0.2486714974
6920.0000000000,0.2069057837
6921.0000000000,0.1377523259
6922.0000000000,0.0664661161
6923.0000000000,0.0681319631
6924.0000000000,0.3479449574
6925.0000000000,0.3563570300
6926.0000000000,0.2635118653
6927.0000000000,0.3200033000
6928.0000000000,0.1352663275
6929.0000000000,0.2458807905
6930.0000000000,0.1247774863
6931.0000000000,0.1201229076
6932.0000000000,0.6036070133
6933.0000000000,0.1471823263
6934.0000000000,0.7340306308
6935.0000000000,0.2073553167
6936.0000000000,0.4167773891
6937.0000000000,0.2932310418
6938.0000000000,0.1001656426
6939.0000000000,0.2045576960
6940.0000000000,0.4889547114
6941.0000000000,0.1134765549
6942.0000000000,0.2921529382
6943.0000000000,0.1304744327
6944.0000000000,0.0805585353
6945.0000000000,0.3003637934
6946.0000000000,0.4637374007
6947.0000000000,0.2093705000
6948.0000000000,0.2860086658
6949.0000000000,0.6198712011
6950.0000000000,0.6396269657
6951.0000000000,0.1477062299
6952.0000000000,0.4735405158
6953.0000000000,0.4181610309
6954.0000000000,0.6318257775
6955.0000000000,0.2828370724
6956.0000000000,0.4253589438
6957.0000000000,0.5935640690
6958.0000000000,0.1346553347
6959.0000000000,0.2585874763
6960.0000000000,0.2484346783
6961.0000000000,0.5841509444
6962.0000000000,0.0620393535
6963.0000000000,0.2854397691
6964.0000000000,0.2702024988
6965.0000000000,0.0955184908
6966.0000000000,0.4623415213
6967.0000000000,0.1322012623
6968.0000000000,0.1054544046
6969.0000000000,0.2064744833
6970.0000000000,0.3078052612
6971.0000000000,0.5752761547
6972.0000000000,0.0644067501
6973.0000000000,0.5170211891
6974.0000000000,0.1363856178
6975.0000000000,0.4930705039
6976.0000000000,0.3581256720
6977.0000000000,0.0431279807
6978.0000000000,0.1465405867
6979.0000000000,0.2522341974
6980.0000000000,0.1742179645
6981.0000000000,0.6543386079
6982.0000000000,0.3100506271
6983.0000000000,0.2772910259
6984.0000000000,0.6796765613
6985.0000000000,0.4400880316
6986.0000000000,0.1151192070
6987.0000000000,0.3852622209
6988.0000000000,0.1810120478
6989.0000000000,0.4377232475
6990.0000000000,0.0634791520
6991.0000000000,0.0585740779
6992.0000000000,0.5943909743
6993.0000000000,0.2481181874
6994.0000000000,0.1712655663
6995.0000000000,0.1810604543
6996.0000000000,0.1196772630
6997.0000000000,0.4940153088
6998.0000000000,0.3217827127
6999.0000000000,0.1551462556
7000.0000000000,0.7721498349
7001.0000000000,0.2669654893
7002.0000000000,0.1576078153
7003.0000000000,0.1484557543
7004.0000000000,0.6602755177
7005.0000000000,0.1074494356
7006.0000000000,0.1061999463
7007.0000000000,0.2344021881
7008.0000000000,0.3057454420
7009.0000000000,0.0706264964
7010.0000000000,0.1298586201
7011.0000000000,0.2986058254
7012.0000000000,0.2388848255
7013.0000000000,0.3577834843
7014.0000000000,0.1752311129
7015.0000000000,0.6315837680
7016.0000000000,0.3493028146
7017.0000000000,0.2784378405
7018.0000000000,0.6119125186
7019.0000000000,0.4454659013
7020.0000000000,0.3834867872
7021.0000000000,0.3341433448
7022.0000000000,0.5371296028
7023.0000000000,0.5550702677
7024.0000000000,0.2699983850
7025.0000000000,0.0607782902
7026.0000000000,0.1092508833
7027.0000000000,0.2252656532
7028.0000000000,0.2370181999
7029.0000000000,0.1632893820
7030.0000000000,0.3361945786
7031.0000000000,0.9394141021
7032.0000000000,0.4610076238
7033.0000000000,0.2963139931
7034.0000000000,0.2529702183
7035.0000000000,0.5298775968
7036.0000000000,0.1243500923
7037.0000000000,0.6745269234
7038.0000000000,0.3031151912
7039.0000000000,0.3990800594
7040.0000000000,0.5102629540
7041.0000000000,0.2303593477
7042.0000000000,0.2464937077
7043.0000000000,0.1723546088
7044.0000000000,0.1048897283
7045.0000000000,0.2770357423
7046.0000000000,0.3767062254
7047.0000000000,0.3835394279
7048.0000000000,0.6503382556
7049.0000000000,0.0996122557
7050.0000000000,0.0809953913
7051.0000000000,0.2282822839
7052.0000000000,0.0659375348
7053.0000000000,0.2849892200
7054.0000000000,0.5082265109
7055.0000000000,0.4830759537
7056.0000000000,0.6458202988
7057.0000000000,0.3050353130
7058.0000000000,0.0882830903
7059.0000000000,0.7667171935
7060.0000000000,0.5313168659
7061.0000000000,0.6571437745
7062.0000000000,0.1699983364
7063.0000000000,0.2306009488
7064.0000000000,0.1460763753
7065.0000000000,0.1946337094
7066.0000000000,0.4299685919
7067.0000000000,0.2092518072
7068.0000000000,0.5894178938
7069.0000000000,0.2526531067
7070.0000000000,0.7441559713
7071.0000000000,0.0964374205
7072.0000000000,0.1636481873
7073.0000000000,0.2235755254
7074.0000000000,0.1200000024
7075.0000000000,0.5482671084
7076.0000000000,0.0968143849
7077.0000000000,0.1278704307
7078.0000000000,0.2533437843
7079.0000000000,0.4417422019
7080.0000000000,0.1905722016
7081.0000000000,0.3213871749
7082.0000000000,0.5319764114
7083.0000000000,0.1255054097
7084.0000000000,0.3800820232
7085.0000000000,0.4088855924
7086.0000000000,0.1575729170
7087.0000000000,0.1120513224
7088.0000000000,0.5738428080
7089.0000000000,0.6392191010
7090.0000000000,0.1170149992
7091.0000000000,0.2215525684
7092.0000000000,0.1979023780
7093.0000000000,0.1504547250
7094.0000000000,0.0474868175
7095.0000000000,0.5559072903
7096.0000000000,0.2194027653
7097.0000000000,0.1150195997
7098.0000000000,0.2440046099
7099.0000000000,0.1044421087
7100.0000000000,0.2356489074
7101.0000000000,0.5685206119
7102.0000000000,0.4926150906
7103.0000000000,0.1011741823
7104.0000000000,0.2280347104
7105.0000000000,0.1236169207
7106.0000000000,0.1879069451
7107.0000000000,0.6795454466
7108.0000000000,0.7753949438
7109.0000000000,0.1204672048
7110.0000000000,0.8972595677
7111.0000000000,0.3986392593
7112.0000000000,0.1903709267
7113.0000000000,0.4818555012
7114.0000000000,0.0992426256
7115.0000000000,0.1201823651
7116.0000000000,0.2815181433
7117.0000000000,0.0892244534
7118.0000000000,0.0370109310
7119.0000000000,0.3015399461
7120.0000000000,0.1519370575
7121.0000000000,0.2881855374
7122.0000000000,0.0568648170
7123.0000000000,0.1736521253
7124.0000000000,0.1266191391
7125.0000000000,0.0571905494
7126.0000000000,0.1209256161
7127.0000000000,0.3474212474
7128.0000000000,0.3873580104
7129.0000000000,0.1804645827
7130.0000000000,0.0341553940
7131.0000000000,0.5008636161
7132.0000000000,0.1130485225
7133.0000000000,0.0861040441
7134.0000000000,0.3414525561
7135.0000000000,0.1817188516
7136.0000000000,0.1115775815
7137.0000000000,0.5373073986
7138.0000000000,0.7310945435
7139.0000000000,0.5280126735
7140.0000000000,0.4729083700
7141.0000000000,0.1810942911
7142.0000000000,0.4841811081
7143.0000000000,0.2940909194
7144.0000000000,0.4663291631
7145.0000000000,0.1031670951
7146.0000000000,0.0959174657
7147.0000000000,0.4198713834
7148.0000000000,0.1460869914
7149.0000000000,0.7193237087
7150.0000000000,0.6539955329
7151.0000000000,0.1856594782
7152.0000000000,0.8400979570
7153.0000000000,0.4836396049
7154.0000000000,0.1111051476
7155.0000000000,0.5291180830
7156.0000000000,0.2896014123
7157.0000000000,0.4083499357
7158.0000000000,0.3817385822
7159.0000000000,0.6097388384
7160.0000000000,0.1426839128
7161.0000000000,0.0240067900
7162.0000000000,0.4355442775
7163.0000000000,0.2729820694
7164.0000000000,0.0946116378
7165.0000000000,0.1617985886
7166.0000000000,0.2672007543
7167.0000000000,0.4113898261
7168.0000000000,0.1497854631
7169.0000000000,0.2632262093
7170.0000000000,0.4075511092
7171.0000000000,0.1171948592
7172.0000000000,0.1211993196
7173.0000000000,0.1745341687
7174.0000000000,0.2208438452
7175.0000000000,0.4188783763
7176.0000000000,0.3588702772
7177.0000000000,0.2766909944
7178.0000000000,0.3189995540
7179.0000000000,0.4649599365
7180.0000000000,0.2546500019
7181.0000000000,0.0800243082
7182.0000000000,0.4757348328
7183.0000000000,0.3392710911
7184.0000000000,0.7613036132
7185.0000000000,0.1157017721
7186.0000000000,0.1086748728
7187.0000000000,0.1851998682
7188.0000000000,0.2089777398
7189.0000000000,0.1986584489
7190.0000000000,0.1183576302
7191.0000000000,0.3594899692
7192.0000000000,0.3515295376
7193.0000000000,0.2817940498
7194.0000000000,0.2712140087
7195.0000000000,0.5358308461
7196.0000000000,0.0707441130
7197.0000000000,0.3129116762
7198.0000000000,0.2492982924
7199.0000000000,0.2175953079
7200.0000000000,0.0739525282
7201.0000000000,0.3883620360
7202.0000000000,0.4491972933
7203.0000000000,0.3146040914
7204.0000000000,0.2698631903
7205.0000000000,0.1854167938
7206.0000000000,0.4011375800
7207.0000000000,0.7903568504
7208.0000000000,0.2050777468
7209.0000000000,0.5655551069
7210.0000000000,0.5204071097
7211.0000000000,0.3419436470
7212.0000000000,0.2167682787
7213.0000000000,0.3997033253
7214.0000000000,0.3181166788
7215.0000000000,0.1390645145
7216.0000000000,0.4296798588
7217.0000000000,0.5742876764
7218.0000000000,0.7646927890
7219.0000000000,0.6506485598
7220.0000000000,0.0490637195
7221.0000000000,0.3446983305
7222.0000000000,0.4119356009
7223.0000000000,0.2225730380
7224.0000000000,0.5055069315
7225.0000000000,0.3391566859
7226.0000000000,0.2008888902
7227.0000000000,0.7450668060
7228.0000000000,0.1074293069
7229.0000000000,0.0641295941
7230.0000000000,0.1587979953
7231.0000000000,0.2281241538
7232.0000000000,0.5212832296
7233.0000000000,0.3735201774
7234.0000000000,0.4263478719
7235.0000000000,0.3210151256
7236.0000000000,0.5124016984
7237.0000000000,0.1994352052
7238.0000000000,0.1496489784
7239.0000000000,0.1354632676
7240.0000000000,0.3762559135
7241.0000000000,0.1004185050
7242.0000000000,0.6572362002
7243.0000000000,0.1731505068
7244.0000000000,0.2870321892
7245.0000000000,0.1047133202
7246.0000000000,0.3536595608
7247.0000000000,0.6740194367
7248.0000000000,0.6704538697
7249.0000000000,0.0725649583
7250.0000000000,0.1899181421
7251.0000000000,0.6034476144
7252.0000000000,0.2098725095
7253.0000000000,0.1665338715
7254.0000000000,0.3195669608
7255.0000000000,0.4732453376
7256.0000000000,0.5584476348
7257.0000000000,0.6008814964
7258.0000000000,0.1669976243
7259.0000000000,0.4248073285
7260.0000000000,0.1447071958
7261.0000000000,0.0925733750
7262.0000000000,0.4011688478
7263.0000000000,0.3294268127
7264.0000000000,0.3285595049
7265.0000000000,0.2837515486
7266.0000000000,0.2309808433
7267.0000000000,0.0714006354
7268.0000000000,0.2719465048
7269.0000000000,0.0534877102
7270.0000000000,0.0827342009
7271.0000000000,0.1499742195
7272.0000000000,0.2308388426
7273.0000000000,0.6070241423
7274.0000000000,0.2005248564
7275.0000000000,0.2250597311
7276.0000000000,0.2993667261
7277.0000000000,0.1664365812
7278.0000000000,0.1383560859
7279.0000000000,0.1119619921
7280.0000000000,0.2561380835
7281.0000000000,0.5499957183
7282.0000000000,0.0719396743
7283.0000000000,0.1024389801
7284.0000000000,0.3469184908
7285.0000000000,0.8234586491
7286.0000000000,0.3793842613
7287.0000000000,0.4731831296
7288.0000000000,0.4850812169
7289.0000000000,0.1864203036
7290.0000000000,0.6836127949
7291.0000000000,0.5769220172
7292.0000000000,0.1310395201
7293.0000000000,0.2472414611
7294.0000000000,0.2410026898
7295.0000000000,0.2297587156
7296.0000000000,0.1354701195
7297.0000000000,0.0929420911
7298.0000000000,0.3819342410
7299.0000000000,0.4574143412
7300.0000000000,0.1499821460
7301.0000000000,0.3534791333
7302.0000000000,0.3026092265
7303.0000000000,0.4528021051
7304.0000000000,0.1034435709
7305.0000000000,0.1990916887
7306.0000000000,0.4855934351
7307.0000000000,0.3930183163
7308.0000000000,0.3189261677
7309.0000000000,0.5139592737
7310.0000000000,0.5614833468
7311.0000000000,0.2882135975
7312.0000000000,0.3175639231
7313.0000000000,0.1862283676
7314.0000000000,0.3786035457
7315.0000000000,0.4779887941
7316.0000000000,0.1398664792
7317.0000000000,0.1547155994
7318.0000000000,0.1441681235
7319.0000000000,0.3560154881
7320.0000000000,0.6426254637
7321.0000000000,0.2943529632
7322.0000000000,0.2077602479
7323.0000000000,0.2989112940
7324.0000000000,0.1547994477
7325.0000000000,0.1599479307
7326.0000000000,0.1002073320
7327.0000000000,0.4799485584
7328.0000000000,0.3176566782
7329.0000000000,0.3830160035
7330.0000000000,0.3108206978
7331.0000000000,0.3378086806
7332.0000000000,0.2155021074
7333.0000000000,0.2485925106
7334.0000000000,0.3089727988
7335.0000000000,0.8026549364
7336.0000000000,0.5290300718
7337.0000000000,0.1424111859
7338.0000000000,0.3758781271
7339.0000000000,0.0803995371
7340.0000000000,0.2113165739
7341.0000000000,0.1883926989
7342.0000000000,0.1127422960
7343.0000000000,0.0574451905
7344.0000000000,0.5822878546
7345.0000000000,0.3198229978
7346.0000000000,0.5098253094
7347.0000000000,0.4174675955
7348.0000000000,0.5536649628
7349.0000000000,0.1838024129
7350.0000000000,0.1852450221
7351.0000000000,0.2358693672
7352.0000000000,0.2384569172
7353.0000000000,0.3188705360
7354.0000000000,0.1251609393
7355.0000000000,0.4519494466
7356.0000000000,0.2708252556
7357.0000000000,0.0920013431
7358.0000000000,0.2584772725
7359.0000000000,0.6962837475
7360.0000000000,0.4766188588
7361.0000000000,0.4755829145
7362.0000000000,0.0641858829
7363.0000000000,0.4420220750
7364.0000000000,0.0615419344
7365.0000000000,0.1482496813
7366.0000000000,0.2379442749
7367.0000000000,0.2941126179
7368.0000000000,0.6603218181
7369.0000000000,0.3019072305
7370.0000000000,0.1490172322
7371.0000000000,0.6271663577
7372.0000000000,0.0492576128
7373.0000000000,0.3819101103
7374.0000000000,0.4392143291
7375.0000000000,0.0855762598
7376.0000000000,0.6122162913
7377.0000000000,0.1156088344
7378.0000000000,0.0686561400
7379.0000000000,0.6216940440
7380.0000000000,0.6628532575
7381.0000000000,0.5707934139
7382.0000000000,0.0523069357
7383.0000000000,0.5649870553
7384.0000000000,0.1942778837
7385.0000000000,0.2378424976
7386.0000000000,0.5384954691
7387.0000000000,0.2471186218
7388.0000000000,0.2677865913
7389.0000000000,0.1063379393
7390.0000000000,0.1222943962
7391.0000000000,0.3514163826
7392.0000000000,0.2001486857
7393.0000000000,0.0912954209
7394.0000000000,0.3578360353
7395.0000000000,0.1331806003
7396.0000000000,0.2243101609
7397.0000000000,0.2991031609
7398.0000000000,0.3891283290
7399.0000000000,0.2645700885
7400.0000000000,0.4231834341
7401.0000000000,0.5594669327
7402.0000000000,0.1954743972
7403.0000000000,0.3024236507
7404.0000000000,0.0446428552
7405.0000000000,0.4030160545
7406.0000000000,0.5910865953
7407.0000000000,0.5389849223
7408.0000000000,0.2672317813
7409.0000000000,0.0649679260
7410.0000000000,0.2723040462
7411.0000000000,0.5037526056
7412.0000000000,0.5428425079
7413.0000000000,0.7287582509
7414.0000000000,0.3623687836
7415.0000000000,0.3235978575
7416.0000000000,0.2643082333
7417.0000000000,0.5542196113
7418.0000000000,0.2233193332
7419.0000000000,0.1157947858
7420.0000000000,0.1081249729
7421.0000000000,0.1796463553
7422.0000000000,0.0544847324
7423.0000000000,0.4041746987
7424.0000000000,0.2931751907
7425.0000000000,0.1854378970
7426.0000000000,0.3612238961
7427.0000000000,0.2161011736
7428.0000000000,0.2346024864
7429.0000000000,0.1956927907
7430.0000000000,0.5680139756
7431.0000000000,0.6620716071
7432.0000000000,0.4578744412
7433.0000000000,0.2671582023
7434.0000000000,0.0801763652
7435.0000000000,0.3970653845
7436.0000000000,0.2329676267
7437.0000000000,0.1779226117
7438.0000000000,0.0587278831
7439.0000000000,0.3291441222
7440.0000000000,0.2944527124
7441.0000000000,0.2485250217
7442.0000000000,0.2300931494
7443.0000000000,0.1332577275
7444.0000000000,0.6070369943
7445.0000000000,0.3887643832
7446.0000000000,0.2270031766
7447.0000000000,0.3111472152
7448.0000000000,0.2855502194
7449.0000000000,0.7051827371
7450.0000000000,0.0862585443
7451.0000000000,0.2785855029
7452.0000000000,0.3853218071
7453.0000000000,0.3614579687
7454.0000000000,0.1668315748
7455.0000000000,0.4380563100
7456.0000000000,0.2282590950
7457.0000000000,0.0878141494
7458.0000000000,0.2599898039
7459.0000000000,0.1297071343
7460.0000000000,0.5466138144
7461.0000000000,0.4517595404
7462.0000000000,0.6011387575
7463.0000000000,0.1049313495
7464.0000000000,0.3045053765
7465.0000000000,0.0795717628
7466.0000000000,0.4888015071
7467.0000000000,0.5890849018
7468.0000000000,0.5584894058
7469.0000000000,0.0865099603
7470.0000000000,0.3748159955
7471.0000000000,0.2805737451
7472.0000000000,0.3416615859
7473.0000000000,0.4934856045
7474.0000000000,0.0618086271
7475.0000000000,0.1589135737
7476.0000000000,0.0610633369
7477.0000000000,0.3182798738
7478.0000000000,0.7377172063
7479.0000000000,0.0697948733
7480.0000000000,0.1143200163
7481.0000000000,0.1809729788
7482.0000000000,0.1161615129
7483.0000000000,0.4665008284
7484.0000000000,0.3110321662
7485.0000000000,0.0761484448
7486.0000000000,0.0737890703
7487.0000000000,0.1368758863
7488.0000000000,0.0791039815
7489.0000000000,0.3999633564
7490.0000000000,0.1303768147
7491.0000000000,0.0693641010
7492.0000000000,0.4203883853
7493.0000000000,0.5410443957
7494.0000000000,0.0750653241
7495.0000000000,0.4500027901
7496.0000000000,0.1889865514
7497.0000000000,0.1308179188
7498.0000000000,0.1810758337
7499.0000000000,0.1532091624
7500.0000000000,0.2715932082
7501.0000000000,0.7566048080
7502.0000000000,0.1877755147
7503.0000000000,0.2183072582
7504.0000000000,0.0848873662
7505.0000000000,0.5725539551
7506.0000000000,0.0975901988
7507.0000000000,0.1124156699
7508.0000000000,0.0540590979
7509.0000000000,0.3542724972
7510.0000000000,0.1828528136
7511.0000000000,0.3157519268
7512.0000000000,0.2587802752
7513.0000000000,0.1339523399
7514.0000000000,0.3318270417
7515.0000000000,0.0424265552
7516.0000000000,0.0654971504
7517.0000000000,0.4007514958
7518.0000000000,0.0699512966
7519.0000000000,0.5832354789
7520.0000000000,0.1320411580
7521.0000000000,0.1362019116
7522.0000000000,0.5230326062
7523.0000000000,0.5882440902
7524.0000000000,0.0685350364
7525.0000000000,0.3404431033
7526.0000000000,0.4735469283
7527.0000000000,0.2011974843
7528.0000000000,0.1613957932
7529.0000000000,0.2915951830
7530.0000000000,0.2129060670
7531.0000000000,0.1232512253
7532.0000000000,0.5522852746
7533.0000000000,0.1936654253
7534.0000000000,0.1368872991
7535.0000000000,0.2570260163
7536.0000000000,0.1694724581
7537.0000000000,0.1110963605
7538.0000000000,0.1886641050
7539.0000000000,0.2317287693
7540.0000000000,0.5505931628
7541.0000000000,0.2565193503
7542.0000000000,0.1221524560
7543.0000000000,0.6324341064
7544.0000000000,0.6059524863
7545.0000000000,0.3048101532
7546.0000000000,0.3405430833
7547.0000000000,0.5634711356
7548.0000000000,0.0868388489
7549.0000000000,0.2628217172
7550.0000000000,0.6213957466
7551.0000000000,0.2515566685
7552.0000000000,0.6534471176
7553.0000000000,0.4192827072
7554.0000000000,0.1732832871
7555.0000000000,0.5829482743
7556.0000000000,0.2494357095
7557.0000000000,0.0964144577
7558.0000000000,0.0803306350
7559.0000000000,0.1252015622
7560.0000000000,0.4961205767
7561.0000000000,0.3731969955
7562.0000000000,0.3029746640
7563.0000000000,0.0838218557
7564.0000000000,0.5884087203
7565.0000000000,0.5573582087
7566.0000000000,0.1517914276
7567.0000000000,0.5821133545
7568.0000000000,0.4285860681
7569.0000000000,0.3481113932
7570.0000000000,0.1617092937
7571.0000000000,0.3648447827
7572.0000000000,0.2848434115
7573.0000000000,0.3929545558
7574.0000000000,0.3059557866
7575.0000000000,0.2982019882
7576.0000000000,0.3857026702
7577.0000000000,0.1238038189
7578.0000000000,0.2231910787
7579.0000000000,0.4181048531
7580.0000000000,0.0620780963
7581.0000000000,0.5903738811
7582.0000000000,0.3620302571
7583.0000000000,0.6359214863
7584.0000000000,0.1681861909
7585.0000000000,0.7196652262
7586.0000000000,0.1648160079
7587.0000000000,0.1028252007
7588.0000000000,0.0551169331
7589.0000000000,0.1136769131
7590.0000000000,0.4177529428
7591.0000000000,0.3550639617
7592.0000000000,0.2303772128
7593.0000000000,0.1924246060
7594.0000000000,0.0553863385
7595.0000000000,0.1175441607
7596.0000000000,0.1319133279
7597.0000000000,0.5091584524
7598.0000000000,0.2644779052
7599.0000000000,0.1544446933
7600.0000000000,0.0858442585
7601.0000000000,0.3928162206
7602.0000000000,0.4847164613
7603.0000000000,0.1860445466
7604.0000000000,0.2107031714
7605.0000000000,0.5243832313
7606.0000000000,0.1442654516
7607.0000000000,0.2992235143
7608.0000000000,0.0880584653
7609.0000000000,0.4202602763
7610.0000000000,0.4011241949
7611.0000000000,0.2328019404
7612.0000000000,0.4368757890
7613.0000000000,0.3443078295
7614.0000000000,0.3749164133
7615.0000000000,0.3262342485
7616.0000000000,0.4291515792
7617.0000000000,0.1606100946
7618.0000000000,0.0916012541
7619.0000000000,0.0938097106
7620.0000000000,0.1906622393
7621.0000000000,0.2141144174
7622.0000000000,0.1265312790
7623.0000000000,0.4101990642
7624.0000000000,0.5122659254
7625.0000000000,0.2142904549
7626.0000000000,0.1120877121
7627.0000000000,0.2250659572
7628.0000000000,0.1454673163
7629.0000000000,0.2326012808
7630.0000000000,0.2164505254
7631.0000000000,0.1304509857
7632.0000000000,0.2996449453
7633.0000000000,0.7280298301
7634.0000000000,0.1892366469
7635.0000000000,0.1383038085
7636.0000000000,0.2095225932
7637.0000000000,0.4645148410
7638.0000000000,0.1359483591
7639.0000000000,0.3530271805
7640.0000000000,0.4388000992
7641.0000000000,0.5085131663
7642.0000000000,0.2413289617
7643.0000000000,0.5163182629
7644.0000000000,0.1938635949
7645.0000000000,0.3261263959
7646.0000000000,0.1444714115
7647.0000000000,0.3589204637
7648.0000000000,0.2759118112
7649.0000000000,0.0767297216
7650.0000000000,0.0727699543
7651.0000000000,0.1384685369
7652.0000000000,0.1411859123
7653.0000000000,0.3262933578
7654.0000000000,0.2726076774
7655.0000000000,0.4998122466
7656.0000000000,0.2023426959
7657.0000000000,0.6688333470
7658.0000000000,0.4236324376
7659.0000000000,0.3486444217
7660.0000000000,0.7355044511
7661.0000000000,0.1661984660
7662.0000000000,0.1391197321
7663.0000000000,0.3025002913
7664.0000000000,0.3563426717
7665.0000000000,0.1417349065
7666.0000000000,0.1250251898
7667.0000000000,0.0339819949
7668.0000000000,0.2048227127
7669.0000000000,0.2684031969
7670.0000000000,0.3480012683
7671.0000000000,0.1432230306
7672.0000000000,0.2423303615
7673.0000000000,0.1542414942
7674.0000000000,0.1659588201
7675.0000000000,0.2013443841
7676.0000000000,0.1147672352
7677.0000000000,0.2014203056
7678.0000000000,0.0662174758
7679.0000000000,0.0810327666
7680.0000000000,0.1819826894
7681.0000000000,0.3295598056
7682.0000000000,0.2180329411
7683.0000000000,0.0973435096
7684.0000000000,0.3649117248
7685.0000000000,0.5586711270
7686.0000000000,0.5109393361
7687.0000000000,0.1209862579
7688.0000000000,0.7981531536
7689.0000000000,0.3802729603
7690.0000000000,0.2294060799
7691.0000000000,0.0695259973
7692.0000000000,0.2362011495
7693.0000000000,0.3432244613
7694.0000000000,0.1472157668
7695.0000000000,0.4526642639
7696.0000000000,0.0475258671
7697.0000000000,0.4745799638
7698.0000000000,0.5669653586
7699.0000000000,0.1014646284
7700.0000000000,0.3520255710
7701.0000000000,0.3858843928
7702.0000000000,0.1005190435
7703.0000000000,0.3389629893
7704.0000000000,0.3219478836
7705.0000000000,0.2022295453
7706.0000000000,0.0658932581
7707.0000000000,0.1219366715
7708.0000000000,0.4650988115
7709.0000000000,0.3788830104
7710.0000000000,0.4572328006
7711.0000000000,0.0901172296
7712.0000000000,0.3102122334
7713.0000000000,0.1307784074
7714.0000000000,0.1222543577
7715.0000000000,0.1331631563
7716.0000000000,0.1729987387
7717.0000000000,0.5047490549
7718.0000000000,0.5040091243
7719.0000000000,0.2444452629
7720.0000000000,0.0737164204
7721.0000000000,0.2188425122
7722.0000000000,0.0819989319
7723.0000000000,0.1054387232
7724.0000000000,0.2170853418
7725.0000000000,0.0807570287
7726.0000000000,0.4276491208
7727.0000000000,0.1597682730
7728.0000000000,0.2891045798
7729.0000000000,0.1565160467
7730.0000000000,0.7512063813
7731.0000000000,0.5894171459
7732.0000000000,0.1875322166
7733.0000000000,0.0718350438
7734.0000000000,0.5331563484
7735.0000000000,0.1633774264
7736.0000000000,0.3857055866
7737.0000000000,0.0627885651
7738.0000000000,0.0573093868
7739.0000000000,0.1310981126
7740.0000000000,0.2316302292
7741.0000000000,0.0507811801
7742.0000000000,0.7890865793
7743.0000000000,0.3426525896
7744.0000000000,0.1228971344
7745.0000000000,0.3498889778
7746.0000000000,0.1727256834
7747.0000000000,0.1362759180
7748.0000000000,0.0962635860
7749.0000000000,0.5335296060
7750.0000000000,0.3157161642
7751.0000000000,0.7439704928
7752.0000000000,0.3548512361
7753.0000000000,0.4444273981
7754.0000000000,0.4256953117
7755.0000000000,0.3671360574
7756.0000000000,0.1218265801
7757.0000000000,0.0784000994
7758.0000000000,0.4570770381
7759.0000000000,0.5671538268
7760.0000000000,0.8100797896
7761.0000000000,0.5956000592
7762.0000000000,0.3315136469
7763.0000000000,0.7764331352
7764.0000000000,0.5708961279
7765.0000000000,0.2422238818
7766.0000000000,0.5575523023
7767.0000000000,0.4074228210
7768.0000000000,0.0527449304
7769.0000000000,0.4574840874
7770.0000000000,0.1277974280
7771.0000000000,0.6438979856
7772.0000000000,0.2755959401
7773.0000000000,0.2587556840
7774.0000000000,0.4498780671
7775.0000000000,0.2716409167
7776.0000000000,0.0875625863
7777.0000000000,0.2106715942
7778.0000000000,0.2359713502
7779.0000000000,0.1022303318
7780.0000000000,0.0670976423
7781.0000000000,0.0586712497
7782.0000000000,0.0646968804
7783.0000000000,0.3572311034
7784.0000000000,0.1298672105
7785.0000000000,0.2430388914
7786.0000000000,0.6147397119
7787.0000000000,0.5918307540
7788.0000000000,0.2257181274
7789.0000000000,0.1163752382
7790.0000000000,0.5374522552
7791.0000000000,0.5290078465
7792.0000000000,0.3146352335
7793.0000000000,0.0525181064
7794.0000000000,0.3556857700
7795.0000000000,0.1833774698
7796.0000000000,0.3120404794
7797.0000000000,0.4575775121
7798.0000000000,0.6239943011
7799.0000000000,0.0906270950
7800.0000000000,0.1660033828
7801.0000000000,0.1681639124
7802.0000000000,0.5938537267
7803.0000000000,0.3519123796
7804.0000000000,0.2968418500
7805.0000000000,0.3087432332
7806.0000000000,0.1839545759
7807.0000000000,0.1151144752
7808.0000000000,0.2956479322
7809.0000000000,0.3489951677
7810.0000000000,0.2644213344
7811.0000000000,0.0788476354
7812.0000000000,0.1344178563
7813.0000000000,0.3448447731
7814.0000000000,0.2193091082
7815.0000000000,0.3887550878
7816.0000000000,0.1344389448
7817.0000000000,0.2236412879
7818.0000000000,0.0966334325
7819.0000000000,0.4143094256
7820.0000000000,0.2464842063
7821.0000000000,0.1517372641
7822.0000000000,0.4113120293
7823.0000000000,0.0822210265
7824.0000000000,0.2557273807
7825.0000000000,0.3417272304
7826.0000000000,0.2072446530
7827.0000000000,0.3127571766
7828.0000000000,0.3133478492
7829.0000000000,0.2832823867
7830.0000000000,0.8825090729
7831.0000000000,0.6080353830
7832.0000000000,0.2014158354
7833.0000000000,0.4451178048
7834.0000000000,0.4349071175
7835.0000000000,0.0906022041
7836.0000000000,0.1478516909
7837.0000000000,0.5268195052
7838.0000000000,0.0797638738
7839.0000000000,0.7264617202
7840.0000000000,0.4254795784
7841.0000000000,0.5285375959
7842.0000000000,0.1919526735
7843.0000000000,0.4321647215
7844.0000000000,0.1489252085
7845.0000000000,0.2695446011
7846.0000000000,0.4201209659
7847.0000000000,0.2584468022
7848.0000000000,0.3551821612
7849.0000000000,0.6878812489
7850.0000000000,0.1179529692
7851.0000000000,0.2587903720
7852.0000000000,0.6181820057
7853.0000000000,0.2947952824
7854.0000000000,0.2432882876
7855.0000000000,0.1633880693
7856.0000000000,0.4600920139
7857.0000000000,0.3640171893
7858.0000000000,0.1646614083
7859.0000000000,0.0575485266
7860.0000000000,0.5634251043
7861.0000000000,0.1298187749
7862.0000000000,0.4020515287
7863.0000000000,0.0989057191
7864.0000000000,0.1973280584
7865.0000000000,0.1908589196
7866.0000000000,0.1954543485
7867.0000000000,0.5893225681
7868.0000000000,0.4627754160
7869.0000000000,0.4532480591
7870.0000000000,0.1514968955
7871.0000000000,0.2585631412
7872.0000000000,0.5230817288
7873.0000000000,0.2452337705
7874.0000000000,0.1555735914
7875.0000000000,0.0610407510
7876.0000000000,0.1899783427
7877.0000000000,0.4530397818
7878.0000000000,0.6165085021
7879.0000000000,0.2171437013
7880.0000000000,0.1255488587
7881.0000000000,0.2849467032
7882.0000000000,0.1724105812
7883.0000000000,0.4107055399
7884.0000000000,0.4215038829
7885.0000000000,0.4042672485
7886.0000000000,0.2017466177
7887.0000000000,0.1363786110
7888.0000000000,0.0561445124
7889.0000000000,0.0479048997
7890.0000000000,0.4367640421
7891.0000000000,0.3321356579
7892.0000000000,0.1544383280
7893.0000000000,0.0587091508
7894.0000000000,0.1496870815
7895.0000000000,0.3912873426
7896.0000000000,0.1045959658
7897.0000000000,0.1372217416
7898.0000000000,0.2838692515
7899.0000000000,0.2722077957
7900.0000000000,0.3008813752
7901.0000000000,0.5288909232
7902.0000000000,0.1611467228
7903.0000000000,0.0645481786
7904.0000000000,0.6797002000
7905.0000000000,0.2475282055
7906.0000000000,0.4405821326
7907.0000000000,0.3042500198
7908.0000000000,0.4253073332
7909.0000000000,0.3366943088
7910.0000000000,0.5819416815
7911.0000000000,0.3860122539
7912.0000000000,0.1605086076
7913.0000000000,0.1084546993
7914.0000000000,0.0984652902
7915.0000000000,0.0774947461
7916.0000000000,0.2013007783
7917.0000000000,0.2465667001
7918.0000000000,0.3003222953
7919.0000000000,0.4239037347
7920.0000000000,0.3997387939
7921.0000000000,0.3210259973
7922.0000000000,0.4740748049
7923.0000000000,0.4145057029
7924.0000000000,0.2201127745
7925.0000000000,0.2664043566
7926.0000000000,0.3165408946
7927.0000000000,0.1140990766
7928.0000000000,0.2510003464
7929.0000000000,0.1963074963
7930.0000000000,0.3945054709
7931.0000000000,0.5154514594
7932.0000000000,0.2034540868
7933.0000000000,0.0932416697
7934.0000000000,0.0738727959
7935.0000000000,0.4364031779
7936.0000000000,0.0485785397
7937.0000000000,0.2002009240
7938.0000000000,0.3820612209
7939.0000000000,0.2603826202
7940.0000000000,0.3545886806
7941.0000000000,0.0803190868
7942.0000000000,0.5572518838
7943.0000000000,0.0648048481
7944.0000000000,0.2509642056
7945.0000000000,0.0924565470
7946.0000000000,0.2584585425
7947.0000000000,0.5729077259
7948.0000000000,0.0495546686
7949.0000000000,0.4623293590
7950.0000000000,0.2864298366
7951.0000000000,0.1513067862
7952.0000000000,0.2619958306
7953.0000000000,0.0815664034
7954.0000000000,0.1708143125
7955.0000000000,0.5960160527
7956.0000000000,0.0722765252
7957.0000000000,0.1149041216
7958.0000000000,0.4281393502
7959.0000000000,0.2471079819
7960.0000000000,0.3056981776
7961.0000000000,0.6886199671
7962.0000000000,0.1688522080
7963.0000000000,0.3048493630
7964.0000000000,0.1127817910
7965.0000000000,0.7809927584
7966.0000000000,0.4881861016
7967.0000000000,0.1203153036
7968.0000000000,0.4470580428
7969.0000000000,0.3559612675
7970.0000000000,0.5388967254
7971.0000000000,0.1985182073
7972.0000000000,0.2651532168
7973.0000000000,0.2559913650
7974.0000000000,0.1595220281
7975.0000000000,0.2465119925
7976.0000000000,0.1836825772
7977.0000000000,0.4672713904
7978.0000000000,0.2504055936
7979.0000000000,0.2735840441
7980.0000000000,0.2409182769
7981.0000000000,0.2753312598
7982.0000000000,0.2439177702
7983.0000000000,0.4620384995
7984.0000000000,0.3640284145
7985.0000000000,0.1697725434
7986.0000000000,0.0978299845
7987.0000000000,0.1668188881
7988.0000000000,0.5809431593
7989.0000000000,0.2365464262
7990.0000000000,0.1554866172
7991.0000000000,0.3399777729
7992.0000000000,0.2043039710
7993.0000000000,0.0941524141
7994.0000000000,0.1452094845
7995.0000000000,0.1737575758
7996.0000000000,0.1736056228
7997.0000000000,0.1554433064
7998.0000000000,0.2620990644
7999.0000000000,0.4847299963
8000.0000000000,0.3390517437
8001.0000000000,0.1664222242
8002.0000000000,0.0869481487
8003.0000000000,0.1555539982
8004.0000000000,0.2713819843
8005.0000000000,0.1702879965
8006.0000000000,0.1778577144
8007.0000000000,0.2278389359
8008.0000000000,0.2979325403
8009.0000000000,0.3391743333
8010.0000000000,0.0671779631
8011.0000000000,0.1813650393
8012.0000000000,0.2280430279
8013.0000000000,0.3015037819
8014.0000000000,0.3055021937
8015.0000000000,0.1441169062
8016.0000000000,0.3730645825
8017.0000000000,0.7650033768
8018.0000000000,0.1331644570
8019.0000000000,0.2663430710
8020.0000000000,0.1422781464
8021.0000000000,0.0779236785
8022.0000000000,0.1799454774
8023.0000000000,0.1914152148
8024.0000000000,0.1232161765
8025.0000000000,0.0970267245
8026.0000000000,0.3734800455
8027.0000000000,0.0931349385
8028.0000000000,0.3286111984
8029.0000000000,0.4465629592
8030.0000000000,0.2335197443
8031.0000000000,0.2911451199
8032.0000000000,0.5952694113
8033.0000000000,0.7023827860
8034.0000000000,0.1577943925
8035.0000000000,0.2327118395
8036.0000000000,0.0653156105
8037.0000000000,0.5965228508
8038.0000000000,0.3573830033
8039.0000000000,0.0705405504
8040.0000000000,0.3675997655
8041.0000000000,0.1276844750
8042.0000000000,0.3972009016
8043.0000000000,0.4099288280
8044.0000000000,0.3760323831
8045.0000000000,0.1766284471
8046.0000000000,0.1969443462
8047.0000000000,0.1442184507
8048.0000000000,0.2784746646
8049.0000000000,0.7663636204
8050.0000000000,0.2947226405
8051.0000000000,0.1027729042
8052.0000000000,0.1379871022
8053.0000000000,0.7508215583
8054.0000000000,0.1712541715
8055.0000000000,0.0761245552
8056.0000000000,0.1649742359
8057.0000000000,0.4247849583
8058.0000000000,0.2012495922
8059.0000000000,0.1292468808
8060.0000000000,0.4707431490
8061.0000000000,0.6685969071
8062.0000000000,0.2772533576
8063.0000000000,0.4930169221
8064.0000000000,0.2591025092
8065.0000000000,0.2220122286
8066.0000000000,0.5405590807
8067.0000000000,0.4127160523
8068.0000000000,0.2100526728
8069.0000000000,0.5267187580
8070.0000000000,0.7046394313
8071.0000000000,0.2946654754
8072.0000000000,0.3672756622
8073.0000000000,0.3894478095
8074.0000000000,0.5518472210
8075.0000000000,0.2035010281
8076.0000000000,0.5714296491
8077.0000000000,0.7300095780
8078.0000000000,0.1998814007
8079.0000000000,0.2361453991
8080.0000000000,0.4348530625
8081.0000000000,0.2479845389
8082.0000000000,0.1195251634
8083.0000000000,0.4294812030
8084.0000000000,0.1612630023
8085.0000000000,0.1425582663
8086.0000000000,0.0891186085
8087.0000000000,0.3881106177
8088.0000000000,0.5412963828
8089.0000000000,0.1254594170
8090.0000000000,0.0464018179
8091.0000000000,0.3856576962
8092.0000000000,0.2110572282
8093.0000000000,0.0838740967
8094.0000000000,0.1660618613
8095.0000000000,0.0362734723
8096.0000000000,0.7179625748
8097.0000000000,0.1043232463
8098.0000000000,0.1133761154
8099.0000000000,0.4863871602
8100.0000000000,0.1474302629
8101.0000000000,0.0772794285
8102.0000000000,0.3566625100
8103.0000000000,0.3233250625
8104.0000000000,0.2187339907
8105.0000000000,0.1194952344
8106.0000000000,0.2119512162
8107.0000000000,0.4969240136
8108.0000000000,0.1985887020
8109.0000000000,0.4944589625
8110.0000000000,0.3734994330
8111.0000000000,0.3154604669
8112.0000000000,0.2121447305
8113.0000000000,0.6573866174
8114.0000000000,0.8022715736
8115.0000000000,0.2349519682
8116.0000000000,0.1530867354
8117.0000000000,0.0781825286
8118.0000000000,0.3081692401
8119.0000000000,0.0726730751
8120.0000000000,0.2176134940
8121.0000000000,0.7182121576
8122.0000000000,0.1684256492
8123.0000000000,0.7200757762
8124.0000000000,0.2523843461
8125.0000000000,0.4248885122
8126.0000000000,0.2904721546
8127.0000000000,0.1687366851
8128.0000000000,0.6253541162
8129.0000000000,0.2336414095
8130.0000000000,0.3836296094
8131.0000000000,0.4321513709
8132.0000000000,0.5809313217
8133.0000000000,0.0477616130
8134.0000000000,0.1355812872
8135.0000000000,0.7252287428
8136.0000000000,0.2377684045
8137.0000000000,0.2467911606
8138.0000000000,0.4978791484
8139.0000000000,0.3083827440
8140.0000000000,0.1037357447
8141.0000000000,0.1495415128
8142.0000000000,0.2506931309
8143.0000000000,0.2534790937
8144.0000000000,0.1880615246
8145.0000000000,0.1418549682
8146.0000000000,0.4124475268
8147.0000000000,0.6386707774
8148.0000000000,0.1993739143
8149.0000000000,0.4522457667
8150.0000000000,0.1671205052
8151.0000000000,0.2304584116
8152.0000000000,0.1708387693
8153.0000000000,0.1446305646
8154.0000000000,0.2709553485
8155.0000000000,0.3898289067
8156.0000000000,0.2651733732
8157.0000000000,0.2210071271
8158.0000000000,0.5699332978
8159.0000000000,0.1849395535
8160.0000000000,0.3704135609
8161.0000000000,0.6124767933
8162.0000000000,0.4542782268
8163.0000000000,0.1373044478
8164.0000000000,0.0661267669
8165.0000000000,0.4352044122
8166.0000000000,0.3589924594
8167.0000000000,0.1755984350
8168.0000000000,0.1353577428
8169.0000000000,0.2273433004
8170.0000000000,0.5511384402
8171.0000000000,0.2878589475
8172.0000000000,0.2335013070
8173.0000000000,0.1885598069
8174.0000000000,0.4403066332
8175.0000000000,0.6165401031
8176.0000000000,0.1506124939
8177.0000000000,0.1024707302
8178.0000000000,0.2784264869
8179.0000000000,0.3031554926
8180.0000000000,0.2157981579
8181.0000000000,0.4987629714
8182.0000000000,0.0977611517
8183.0000000000,0.7243112369
8184.0000000000,0.2897142552
8185.0000000000,0.1617876133
8186.0000000000,0.4515128178
8187.0000000000,0.3535959254
8188.0000000000,0.2803648738
8189.0000000000,0.1553805222
8190.0000000000,0.1188885964
8191.0000000000,0.1518050210
8192.0000000000,0.3026251300
8193.0000000000,0.6968350049
8194.0000000000,0.2291762588
8195.0000000000,0.2932452058
8196.0000000000,0.1044322214
8197.0000000000,0.2856044309
8198.0000000000,0.5057653913
8199.0000000000,0.4907846533
8200.0000000000,0.7558015824
8201.0000000000,0.6083098082
8202.0000000000,0.4595000547
8203.0000000000,0.2206670243
8204.0000000000,0.4981010118
8205.0000000000,0.1071979043
8206.0000000000,0.1455176047
8207.0000000000,0.2093245527
8208.0000000000,0.2077895482
8209.0000000000,0.2572132513
8210.0000000000,0.1203704004
8211.0000000000,0.6674212935
8212.0000000000,0.1732432803
8213.0000000000,0.2864124850
8214.0000000000,0.0804933434
8215.0000000000,0.4196703245
8216.0000000000,0.3477717088
8217.0000000000,0.3410615929
8218.0000000000,0.4093662805
8219.0000000000,0.4845114937
8220.0000000000,0.1364184245
8221.0000000000,0.4523503032
8222.0000000000,0.0461422374
8223.0000000000,0.2111453304
8224.0000000000,0.1051746710
8225.0000000000,0.1896733390
8226.0000000000,0.1662690979
8227.0000000000,0.2502232549
8228.0000000000,0.3729457267
8229.0000000000,0.4396184981
8230.0000000000,0.5079166198
8231.0000000000,0.1188516807
8232.0000000000,0.5301734275
8233.0000000000,0.5333760734
8234.0000000000,0.1347163584
8235.0000000000,0.3879048307
8236.0000000000,0.3922237648
8237.0000000000,0.3687589053
8238.0000000000,0.4501652536
8239.0000000000,0.1713012971
8240.0000000000,0.1376220982
8241.0000000000,0.1161402184
8242.0000000000,0.1164803861
8243.0000000000,0.1795578845
8244.0000000000,0.3120946465
8245.0000000000,0.1106014234
8246.0000000000,0.5633091356
8247.0000000000,0.2976341139
8248.0000000000,0.1187294838
8249.0000000000,0.1544974841
8250.0000000000,0.1581831700
8251.0000000000,0.1211647607
8252.0000000000,0.0761792023
8253.0000000000,0.0560797927
8254.0000000000,0.2974436049
8255.0000000000,0.1777575609
8256.0000000000,0.2683116689
8257.0000000000,0.4257861598
8258.0000000000,0.3235493517
8259.0000000000,0.3614516573
8260.0000000000,0.5005685178
8261.0000000000,0.1126017902
8262.0000000000,0.0616691176
8263.0000000000,0.1339960898
8264.0000000000,0.2585252753
8265.0000000000,0.3562472951
8266.0000000000,0.5091101312
8267.0000000000,0.1405386873
8268.0000000000,0.3715485574
8269.0000000000,0.1273970878
8270.0000000000,0.3469268052
8271.0000000000,0.7817868079
8272.0000000000,0.5330035673
8273.0000000000,0.5566027870
8274.0000000000,0.2512388502
8275.0000000000,0.0996452129
8276.0000000000,0.4581361960
8277.0000000000,0.4452218951
8278.0000000000,0.2295339059
8279.0000000000,0.2931330190
8280.0000000000,0.2561369467
8281.0000000000,0.6248099746
8282.0000000000,0.5432065122
8283.0000000000,0.4667353157
8284.0000000000,0.3825667819
8285.0000000000,0.2295172997
8286.0000000000,0.1532809721
8287.0000000000,0.3415024699
8288.0000000000,0.5064140564
8289.0000000000,0.3799871851
8290.0000000000,0.2261346791
8291.0000000000,0.2364684522
8292.0000000000,0.3878517709
8293.0000000000,0.2396824574
8294.0000000000,0.1814039521
8295.0000000000,0.1090044631
8296.0000000000,0.0342971640
8297.0000000000,0.2919810177
8298.0000000000,0.4157143138
8299.0000000000,0.2243887019
8300.0000000000,0.1332784896
8301.0000000000,0.2936192567
8302.0000000000,0.3879775896
8303.0000000000,0.1887342214
8304.0000000000,0.6185794973
8305.0000000000,0.7451650725
8306.0000000000,0.1473344907
8307.0000000000,0.4070976100
8308.0000000000,0.4017176484
8309.0000000000,0.5482916993
8310.0000000000,0.3719814735
8311.0000000000,0.0574356238
8312.0000000000,0.1672146536
8313.0000000000,0.1705180684
8314.0000000000,0.6074185476
8315.0000000000,0.0933752971
8316.0000000000,0.1923168454
8317.0000000000,0.2507668778
8318.0000000000,0.2878838708
8319.0000000000,0.5291611631
8320.0000000000,0.1865388236
8321.0000000000,0.1613644367
8322.0000000000,0.3145065312
8323.0000000000,0.2747951183
8324.0000000000,0.3782226324
8325.0000000000,0.6811025189
8326.0000000000,0.6277859700
8327.0000000000,0.1634968336
8328.0000000000,0.1043960196
8329.0000000000,0.1188893018
8330.0000000000,0.6034818181
8331.0000000000,0.2704246639
8332.0000000000,0.2110103926
8333.0000000000,0.1917006555
8334.0000000000,0.2629411713
8335.0000000000,0.1367388287
8336.0000000000,0.2491317977
8337.0000000000,0.2021256182
8338.0000000000,0.4012715967
8339.0000000000,0.5484582799
8340.0000000000,0.3234538865
8341.0000000000,0.1191171596
8342.0000000000,0.2665402770
8343.0000000000,0.2318261890
8344.0000000000,0.4619163986
8345.0000000000,0.1810462387
8346.0000000000,0.1635663163
8347.0000000000,0.2206720749
8348.0000000000,0.5121769493
8349.0000000000,0.2796484327
8350.0000000000,0.6108180099
8351.0000000000,0.6423773538
8352.0000000000,0.2171701785
8353.0000000000,0.0521021032
8354.0000000000,0.6599934091
8355.0000000000,0.2619971787
8356.0000000000,0.5071976964
8357.0000000000,0.2697305599
8358.0000000000,0.2098914033
8359.0000000000,0.0422661947
8360.0000000000,0.5625881580
8361.0000000000,0.1732608986
8362.0000000000,0.2178141084
8363.0000000000,0.2886518368
8364.0000000000,0.3611068213
8365.0000000000,0.0512160544
8366.0000000000,0.1371693648
8367.0000000000,0.4105524721
8368.0000000000,0.4155949220
8369.0000000000,0.3948572791
8370.0000000000,0.6814954941
8371.0000000000,0.0641352617
8372.0000000000,0.2441539807
8373.0000000000,0.6602106414
8374.0000000000,0.2311427386
8375.0000000000,0.3290825195
8376.0000000000,0.4460207186
8377.0000000000,0.4620258770
8378.0000000000,0.2804900570
8379.0000000000,0.2046211953
8380.0000000000,0.2172604229
8381.0000000000,0.5305508688
8382.0000000000,0.1596565201
8383.0000000000,0.3398627750
8384.0000000000,0.1197012395
8385.0000000000,0.5083385485
8386.0000000000,0.2618945228
8387.0000000000,0.3108874323
8388.0000000000,0.2780878938
8389.0000000000,0.3766357063
8390.0000000000,0.4888387958
8391.0000000000,0.0943477692
8392.0000000000,0.2312542280
8393.0000000000,0.0832918925
8394.0000000000,0.4620419132
8395.0000000000,0.3561803908
8396.0000000000,0.1841909586
8397.0000000000,0.2426679161
8398.0000000000,0.3805082192
8399.0000000000,0.1014756974
8400.0000000000,0.1986912435
8401.0000000000,0.2795589710
8402.0000000000,0.3987956689
8403.0000000000,0.2757322535
8404.0000000000,0.0974128398
8405.0000000000,0.4403746061
8406.0000000000,0.5316602065
8407.0000000000,0.2194476313
8408.0000000000,0.3588701401
8409.0000000000,0.4738590535
8410.0000000000,0.2559917325
8411.0000000000,0.1959918188
8412.0000000000,0.2282436684
8413.0000000000,0.0587422980
8414.0000000000,0.2368717636
8415.0000000000,0.0523105173
8416.0000000000,0.4644141039
8417.0000000000,0.0916843800
8418.0000000000,0.2077778715
8419.0000000000,0.1811375832
8420.0000000000,0.1198715034
8421.0000000000,0.2074191414
8422.0000000000,0.1560196327
8423.0000000000,0.2524712854
8424.0000000000,0.2609596481
8425.0000000000,0.1132392090
8426.0000000000,0.2038274612
8427.0000000000,0.3086116162
8428.0000000000,0.6324377202
8429.0000000000,0.4065848703
8430.0000000000,0.1124633978
8431.0000000000,0.5758868461
8432.0000000000,0.4310747258
8433.0000000000,0.3465414886
8434.0000000000,0.1613317628
8435.0000000000,0.4195518424
8436.0000000000,0.3335737296
8437.0000000000,0.3453530505
8438.0000000000,0.1000562883
8439.0000000000,0.1226120576
8440.0000000000,0.2506085976
8441.0000000000,0.0650335002
8442.0000000000,0.2225133879
8443.0000000000,0.4128683662
8444.0000000000,0.2507729558
8445.0000000000,0.1731675538
8446.0000000000,0.0508241899
8447.0000000000,0.1889913692
8448.0000000000,0.6186030655
8449.0000000000,0.1690078193
8450.0000000000,0.3675131505
8451.0000000000,0.0998126106
8452.0000000000,0.4175479331
8453.0000000000,0.3181389560
8454.0000000000,0.6064442545
8455.0000000000,0.1957780484
8456.0000000000,0.3742973070
8457.0000000000,0.1379193370
8458.0000000000,0.5513380837
8459.0000000000,0.2974042282
8460.0000000000,0.0265811332
8461.0000000000,0.0833951949
8462.0000000000,0.1643214888
8463.0000000000,0.2879892254
8464.0000000000,0.5341716654
8465.0000000000,0.6933124164
8466.0000000000,0.8029741858
8467.0000000000,0.2126457714
8468.0000000000,0.3239082323
8469.0000000000,0.1214467839
8470.0000000000,0.4185730264
8471.0000000000,0.0572309211
8472.0000000000,0.0575642298
8473.0000000000,0.3016855800
8474.0000000000,0.3995746133
8475.0000000000,0.2361434302
8476.0000000000,0.0550460200
8477.0000000000,0.1642640886
8478.0000000000,0.0957649154
8479.0000000000,0.1953827146
8480.0000000000,0.1308688190
8481.0000000000,0.3452731343
8482.0000000000,0.0995696382
8483.0000000000,0.1143031182
8484.0000000000,0.6935058120
8485.0000000000,0.2810885410
8486.0000000000,0.4159523965
8487.0000000000,0.5943378410
8488.0000000000,0.0390264019
8489.0000000000,0.5985252276
8490.0000000000,0.3154129407
8491.0000000000,0.4625410073
8492.0000000000,0.0804416087
8493.0000000000,0.1394054902
8494.0000000000,0.4106686188
8495.0000000000,0.2308950592
8496.0000000000,0.5069022195
8497.0000000000,0.1579760264
8498.0000000000,0.0650571958
8499.0000000000,0.3230829971
8500.0000000000,0.2944296017
8501.0000000000,0.4928907904
8502.0000000000,0.3789111347
8503.0000000000,0.4589751935
8504.0000000000,0.1232130443
8505.0000000000,0.1180599308
8506.0000000000,0.2176680929
8507.0000000000,0.1658951034
8508.0000000000,0.0904199093
8509.0000000000,0.0427592987
8510.0000000000,0.1675993545
8511.0000000000,0.0892529577
8512.0000000000,0.0878447955
8513.0000000000,0.5484879451
8514.0000000000,0.1468455707
8515.0000000000,0.3729936754
8516.0000000000,0.2389075127
8517.0000000000,0.0992805152
8518.0000000000,0.1327574726
8519.0000000000,0.1986665102
8520.0000000000,0.7368986271
8521.0000000000,0.1864880167
8522.0000000000,0.2219575796
8523.0000000000,0.6123192910
8524.0000000000,0.3328740296
8525.0000000000,0.3559997662
8526.0000000000,0.6940991655
8527.0000000000,0.6895582328
8528.0000000000,0.1904068371
8529.0000000000,0.3073575436
8530.0000000000,0.4187399863
8531.0000000000,0.4027336263
8532.0000000000,0.0457460922
8533.0000000000,0.1609794950
8534.0000000000,0.3193545840
8535.0000000000,0.2872109131
8536.0000000000,0.1843147284
8537.0000000000,0.0964147039
8538.0000000000,0.5703363025
8539.0000000000,0.2596304427
8540.0000000000,0.7602785496
8541.0000000000,0.2152513854
8542.0000000000,0.0309269927
8543.0000000000,0.7722043024
8544.0000000000,0.1757430354
8545.0000000000,0.3356106262
8546.0000000000,0.2480240654
8547.0000000000,0.2056926580
8548.0000000000,0.3682034020
8549.0000000000,0.2472985999
8550.0000000000,0.1721914793
8551.0000000000,0.3205087168
8552.0000000000,0.0965810772
8553.0000000000,0.2847205484
8554.0000000000,0.2445188660
8555.0000000000,0.6730940962
8556.0000000000,0.1564603733
8557.0000000000,0.3281326019
8558.0000000000,0.4442696560
8559.0000000000,0.2676952396
8560.0000000000,0.2139458080
8561.0000000000,0.4408542371
8562.0000000000,0.0794464234
8563.0000000000,0.3977196259
8564.0000000000,0.7555969606
8565.0000000000,0.1193944216
8566.0000000000,0.0815557665
8567.0000000000,0.2887686664
8568.0000000000,0.0432862137
8569.0000000000,0.3182643937
8570.0000000000,0.1863393590
8571.0000000000,0.2053102779
8572.0000000000,0.6640867192
8573.0000000000,0.0911551030
8574.0000000000,0.1181005038
8575.0000000000,0.2839502760
8576.0000000000,0.0772639390
8577.0000000000,0.1019839377
8578.0000000000,0.2357396776
8579.0000000000,0.3653228782
8580.0000000000,0.2829983212
8581.0000000000,0.2565249914
8582.0000000000,0.1283714990
8583.0000000000,0.1965058779
8584.0000000000,0.4351083249
8585.0000000000,0.2651632697
8586.0000000000,0.3891811169
8587.0000000000,0.6215183659
8588.0000000000,0.5782883922
8589.0000000000,0.0820972834
8590.0000000000,0.1288926705
8591.0000000000,0.4575672093
8592.0000000000,0.3402047481
8593.0000000000,0.0654496306
8594.0000000000,0.2196849776
8595.0000000000,0.2169165809
8596.0000000000,0.5027132369
8597.0000000000,0.4573627139
8598.0000000000,0.4309947755
8599.0000000000,0.1487376334
8600.0000000000,0.0674442989
8601.0000000000,0.1484688116
8602.0000000000,0.2577028954
8603.0000000000,0.3824374170
8604.0000000000,0.1873322975
8605.0000000000,0.0388217641
8606.0000000000,0.1572191201
8607.0000000000,0.2262715641
8608.0000000000,0.1629809264
8609.0000000000,0.5461684854
8610.0000000000,0.2690845259
8611.0000000000,0.2591728531
8612.0000000000,0.1711714730
8613.0000000000,0.5422904996
8614.0000000000,0.0551724062
8615.0000000000,0.3025529390
8616.0000000000,0.3024046308
8617.0000000000,0.3369311624
8618.0000000000,0.2784241280
8619.0000000000,0.6776631349
8620.0000000000,0.5848138962
8621.0000000000,0.1449185033
8622.0000000000,0.0323251199
8623.0000000000,0.7007683101
8624.0000000000,0.0326866995
8625.0000000000,0.4275402625
8626.0000000000,0.1937075043
8627.0000000000,0.3699357825
8628.0000000000,0.2671661593
8629.0000000000,0.3687319944
8630.0000000000,0.6822603728
8631.0000000000,0.4261693276
8632.0000000000,0.2998269619
8633.0000000000,0.1856828818
8634.0000000000,0.2739703400
8635.0000000000,0.2601612879
8636.0000000000,0.3559208366
8637.0000000000,0.2278686863
8638.0000000000,0.2138987777
8639.0000000000,0.3937306249
8640.0000000000,0.1017832065
8641.0000000000,0.5033737309
8642.0000000000,0.2520190303
8643.0000000000,0.4268346022
8644.0000000000,0.2019379162
8645.0000000000,0.3349643578
8646.0000000000,0.1868881325
8647.0000000000,0.5009807451
8648.0000000000,0.6494873055
8649.0000000000,0.4084247238
8650.0000000000,0.4774036136
8651.0000000000,0.0510707532
8652.0000000000,0.1225808700
8653.0000000000,0.1338283718
8654.0000000000,0.5570270585
8655.0000000000,0.1366859857
8656.0000000000,0.3962819344
8657.0000000000,0.4746515221
8658.0000000000,0.6704593835
8659.0000000000,0.0857800124
8660.0000000000,0.0424333275
8661.0000000000,0.4580654685
8662.0000000000,0.2823902579
8663.0000000000,0.2291617747
8664.0000000000,0.4062954146
8665.0000000000,0.0324032234
8666.0000000000,0.5847710704
8667.0000000000,0.1743719801
8668.0000000000,0.4666971070
8669.0000000000,0.1759003370
8670.0000000000,0.0667952850
8671.0000000000,0.0131522348
8672.0000000000,0.2582822969
8673.0000000000,0.6507935248
8674.0000000000,0.6649906498
8675.0000000000,0.6491835851
8676.0000000000,0.3668069036
8677.0000000000,0.1361407838
8678.0000000000,0.0800180168
8679.0000000000,0.4944322442
8680.0000000000,0.0568503055
8681.0000000000,0.3512602074
8682.0000000000,0.3301733122
8683.0000000000,0.4786913373
8684.0000000000,0.2078969924
8685.0000000000,0.1603825284
8686.0000000000,0.1953641011
8687.0000000000,0.4260293750
8688.0000000000,0.6060390985
8689.0000000000,0.1123163013
8690.0000000000,0.3621598571
8691.0000000000,0.3254939122
8692.0000000000,0.1751438889
8693.0000000000,0.5165818472
8694.0000000000,0.4261829381
8695.0000000000,0.2305631147
8696.0000000000,0.0968682941
8697.0000000000,0.2348223261
8698.0000000000,0.0930465784
8699.0000000000,0.3856769345
8700.0000000000,0.1213893091
8701.0000000000,0.1514804542
8702.0000000000,0.1320838822
8703.0000000000,0.5627130255
8704.0000000000,0.1698661581
8705.0000000000,0.3535555193
8706.0000000000,0.2603656154
8707.0000000000,0.0952485085
8708.0000000000,0.3881385688
8709.0000000000,0.5278052139
8710.0000000000,0.1372455024
8711.0000000000,0.1757262848
8712.0000000000,0.1525376375
8713.0000000000,0.7513455108
8714.0000000000,0.1398977377
8715.0000000000,0.5652799583
8716.0000000000,0.0615709765
8717.0000000000,0.4876868848
8718.0000000000,0.4705856360
8719.0000000000,0.3653591230
8720.0000000000,0.2341153798
8721.0000000000,0.1658253455
8722.0000000000,0.4884622539
8723.0000000000,0.0421852801
8724.0000000000,0.3705361478
8725.0000000000,0.3092634429
8726.0000000000,0.0585849840
8727.0000000000,0.3613913573
8728.0000000000,0.1340692762
8729.0000000000,0.9083272235
8730.0000000000,0.1189675156
8731.0000000000,0.6575907968
8732.0000000000,0.3253012159
8733.0000000000,0.1867647198
8734.0000000000,0.1339338775
8735.0000000000,0.5190790648
8736.0000000000,0.1738560474
8737.0000000000,0.3215303376
8738.0000000000,0.3794281654
8739.0000000000,0.4045515728
8740.0000000000,0.2180514500
8741.0000000000,0.1919413877
8742.0000000000,0.5353299547
8743.0000000000,0.1338584112
8744.0000000000,0.0892060579
8745.0000000000,0.0530421729
8746.0000000000,0.2058408261
8747.0000000000,0.3091568498
8748.0000000000,0.1138998144
8749.0000000000,0.2540337501
8750.0000000000,0.4347392322
8751.0000000000,0.3690245599
8752.0000000000,0.0576601726
8753.0000000000,0.2568030167
8754.0000000000,0.2622733999
8755.0000000000,0.2439072367
8756.0000000000,0.4258977626
8757.0000000000,0.3422779072
8758.0000000000,0.2167566228
8759.0000000000,0.2670893832
8760.0000000000,0.3969044404
8761.0000000000,0.1084051158
8762.0000000000,0.3834034920
8763.0000000000,0.3132851379
8764.0000000000,0.2688998187
8765.0000000000,0.4131544293
8766.0000000000,0.4111277305
8767.0000000000,0.1683116724
8768.0000000000,0.5802975608
8769.0000000000,0.1088991011
8770.0000000000,0.2844050706
8771.0000000000,0.3120851939
8772.0000000000,0.1826294618
8773.0000000000,0.2196079162
8774.0000000000,0.3648619069
8775.0000000000,0.4661646494
8776.0000000000,0.3348292467
8777.0000000000,0.1440619729
8778.0000000000,0.3157657119
8779.0000000000,0.3292426696
8780.0000000000,0.1872578603
8781.0000000000,0.0733831284
8782.0000000000,0.2245066887
8783.0000000000,0.2185729830
8784.0000000000,0.0891694217
8785.0000000000,0.3249542726
8786.0000000000,0.2268998742
8787.0000000000,0.1659985302
8788.0000000000,0.5380848409
8789.0000000000,0.3720348245
8790.0000000000,0.5364661643
8791.0000000000,0.1713308375
8792.0000000000,0.3318168673
8793.0000000000,0.1176570442
8794.0000000000,0.4016002649
8795.0000000000,0.3053222397
8796.0000000000,0.0906793708
8797.0000000000,0.2520762898
8798.0000000000,0.4921104989
8799.0000000000,0.2430253388
8800.0000000000,0.5509362244
8801.0000000000,0.8304992640
8802.0000000000,0.1317533480
8803.0000000000,0.2263049762
8804.0000000000,0.1388248900
8805.0000000000,0.4106156333
8806.0000000000,0.0712779947
8807.0000000000,0.3966728019
8808.0000000000,0.1944677893
8809.0000000000,0.2469926449
8810.0000000000,0.5133257218
8811.0000000000,0.5007102540
8812.0000000000,0.1427432388
8813.0000000000,0.2255893338
8814.0000000000,0.3133046263
8815.0000000000,0.5208256083
8816.0000000000,0.0568911046
8817.0000000000,0.2051649175
8818.0000000000,0.5553078795
8819.0000000000,0.1810583646
8820.0000000000,0.0429960997
8821.0000000000,0.4077471734
8822.0000000000,0.6449299820
8823.0000000000,0.6157613841
8824.0000000000,0.4560393079
8825.0000000000,0.2813871029
8826.0000000000,0.2067252210
8827.0000000000,0.1195656304
8828.0000000000,0.0612721684
8829.0000000000,0.1596874050
8830.0000000000,0.3871888395
8831.0000000000,0.4140397945
8832.0000000000,0.0828998180
8833.0000000000,0.3482574689
8834.0000000000,0.8007355523
8835.0000000000,0.4582089463
8836.0000000000,0.3440358826
8837.0000000000,0.1754231529
8838.0000000000,0.5041796521
8839.0000000000,0.3222227727
8840.0000000000,0.1062851699
8841.0000000000,0.1266147762
8842.0000000000,0.1005841736
8843.0000000000,0.5680812205
8844.0000000000,0.1123465869
8845.0000000000,0.5716766934
8846.0000000000,0.0900186594
8847.0000000000,0.5971118307
8848.0000000000,0.4265540800
8849.0000000000,0.7307315167
8850.0000000000,0.1375606086
8851.0000000000,0.2807136057
8852.0000000000,0.1215131498
8853.0000000000,0.2274393225
8854.0000000000,0.1954719493
8855.0000000000,0.6545118428
8856.0000000000,0.0772669494
8857.0000000000,0.5336119704
8858.0000000000,0.6087812919
8859.0000000000,0.4583203711
8860.0000000000,0.3257316481
8861.0000000000,0.7286957482
8862.0000000000,0.7094200647
8863.0000000000,0.2374270422
8864.0000000000,0.3954749680
8865.0000000000,0.0878412798
8866.0000000000,0.9215562450
8867.0000000000,0.1391948386
8868.0000000000,0.1580091973
8869.0000000000,0.3614406826
8870.0000000000,0.2635772493
8871.0000000000,0.2027779970
8872.0000000000,0.0736885874
8873.0000000000,0.2932061505
8874.0000000000,0.6194789188
8875.0000000000,0.1699827392
8876.0000000000,0.2906988141
8877.0000000000,0.1951335261
8878.0000000000,0.3377809850
8879.0000000000,0.1529595458
8880.0000000000,0.1787849509
8881.0000000000,0.0671308533
8882.0000000000,0.2028019344
8883.0000000000,0.2038878150
8884.0000000000,0.2514670231
8885.0000000000,0.8567310358
8886.0000000000,0.5489059814
8887.0000000000,0.2153640357
8888.0000000000,0.5068593311
8889.0000000000,0.2247683596
8890.0000000000,0.4782679247
8891.0000000000,0.4486543139
8892.0000000000,0.0948955902
8893.0000000000,0.3215087855
8894.0000000000,0.1890757828
8895.0000000000,0.2378349543
8896.0000000000,0.3749526116
8897.0000000000,0.3108277240
8898.0000000000,0.1690683550
8899.0000000000,0.5352726652
8900.0000000000,0.1094601720
8901.0000000000,0.1317349278
8902.0000000000,0.0895921444
8903.0000000000,0.1923276465
8904.0000000000,0.1765161721
8905.0000000000,0.0638453628
8906.0000000000,0.5587000872
8907.0000000000,0.4097746653
8908.0000000000,0.2582147949
8909.0000000000,0.2074975265
8910.0000000000,0.1620642371
8911.0000000000,0.2852376135
8912.0000000000,0.1021932729
8913.0000000000,0.1277451716
8914.0000000000,0.4991694708
8915.0000000000,0.1798445235
8916.0000000000,0.3174810078
8917.0000000000,0.1571190866
8918.0000000000,0.4956752608
8919.0000000000,0.4648638412
8920.0000000000,0.2974320927
8921.0000000000,0.0816928830
8922.0000000000,0.1752247650
8923.0000000000,0.1114941295
8924.0000000000,0.5819503966
8925.0000000000,0.7045014466
8926.0000000000,0.4688110558
8927.0000000000,0.2157662412
8928.0000000000,0.2869892256
8929.0000000000,0.7346696132
8930.0000000000,0.1782850241
8931.0000000000,0.2526943783
8932.0000000000,0.1959994844
8933.0000000000,0.0960122042
8934.0000000000,0.3941811709
8935.0000000000,0.2673541709
8936.0000000000,0.5638154431
8937.0000000000,0.2805180422
8938.0000000000,0.1334719755
8939.0000000000,0.0413913052
8940.0000000000,0.1804749915
8941.0000000000,0.2853737671
8942.0000000000,0.6300151635
8943.0000000000,0.7098128162
8944.0000000000,0.2551387386
8945.0000000000,0.3207123229
8946.0000000000,0.4374747285
8947.0000000000,0.2839283992
8948.0000000000,0.0515400771
8949.0000000000,0.6066314825
8950.0000000000,0.2581203508
8951.0000000000,0.0446198855
8952.0000000000,0.5786070179
8953.0000000000,0.5323081472
8954.0000000000,0.2549958274
8955.0000000000,0.3688779263
8956.0000000000,0.2299884406
8957.0000000000,0.1985505401
8958.0000000000,0.4600392889
8959.0000000000,0.3865851588
8960.0000000000,0.5739718237
8961.0000000000,0.0829170586
8962.0000000000,0.4531555763
8963.0000000000,0.4443574783
8964.0000000000,0.1404694963
8965.0000000000,0.1277930600
8966.0000000000,0.1828906628
8967.0000000000,0.4304521794
8968.0000000000,0.1777821869
8969.0000000000,0.4683420748
8970.0000000000,0.0707634430
8971.0000000000,0.2577915826
8972.0000000000,0.3001453320
8973.0000000000,0.0870940481
8974.0000000000,0.2025610931
8975.0000000000,0.4871216717
8976.0000000000,0.2806471325
8977.0000000000,0.6050328927
8978.0000000000,0.4628977493
8979.0000000000,0.3561261347
8980.0000000000,0.5111016283
8981.0000000000,0.1215627048
8982.0000000000,0.2428362241
8983.0000000000,0.5651457074
8984.0000000000,0.4472225084
8985.0000000000,0.5228513305
8986.0000000000,0.3927895093
8987.0000000000,0.1470226257
8988.0000000000,0.6070335143
8989.0000000000,0.4738096958
8990.0000000000,0.3437583708
8991.0000000000,0.4246861814
8992.0000000000,0.1705856363
8993.0000000000,0.3316623577
8994.0000000000,0.2092494791
8995.0000000000,0.2468879676
8996.0000000000,0.1781668965
8997.0000000000,0.5102244225
8998.0000000000,0.1496543397
8999.0000000000,0.2441630323
9000.0000000000,0.7235768204
9001.0000000000,0.3875659670
9002.0000000000,0.2468369791
9003.0000000000,0.0848244532
9004.0000000000,0.2406934141
9005.0000000000,0.2397243765
9006.0000000000,0.4719781635
9007.0000000000,0.3895479825
9008.0000000000,0.1207903880
9009.0000000000,0.3814046269
9010.0000000000,0.1260432908
9011.0000000000,0.3366546151
9012.0000000000,0.2347230024
9013.0000000000,0.4238268707
9014.0000000000,0.0860013441
9015.0000000000,0.2921608945
9016.0000000000,0.1333835117
9017.0000000000,0.1060155498
9018.0000000000,0.1528876571
9019.0000000000,0.2369838531
9020.0000000000,0.1642751669
9021.0000000000,0.2358762542
9022.0000000000,0.2795573265
9023.0000000000,0.0751968355
9024.0000000000,0.5487970793
9025.0000000000,0.1790599353
9026.0000000000,0.3039363470
9027.0000000000,0.3411050860
9028.0000000000,0.0776495674
9029.0000000000,0.0935669529
9030.0000000000,0.3277439029
9031.0000000000,0.6620591575
9032.0000000000,0.1457593115
9033.0000000000,0.7664045104
9034.0000000000,0.1410217902
9035.0000000000,0.2687122586
9036.0000000000,0.0967390493
9037.0000000000,0.6622511216
9038.0000000000,0.3810763520
9039.0000000000,0.1476172237
9040.0000000000,0.0384802014
9041.0000000000,0.3268426517
9042.0000000000,0.1674400235
9043.0000000000,0.4205927586
9044.0000000000,0.0810413663
9045.0000000000,0.4272633109
9046.0000000000,0.2433964599
9047.0000000000,0.3537616876
9048.0000000000,0.4841255617
9049.0000000000,0.3880071200
9050.0000000000,0.0926845059
9051.0000000000,0.0633315907
9052.0000000000,0.7683315851
9053.0000000000,0.1216714825
9054.0000000000,0.3890599645
9055.0000000000,0.3518282874
9056.0000000000,0.0770925470
9057.0000000000,0.1595173521
9058.0000000000,0.0872990268
9059.0000000000,0.2856965861
9060.0000000000,0.5155989823
9061.0000000000,0.2948418046
9062.0000000000,0.5311222388
9063.0000000000,0.0979705274
9064.0000000000,0.0860373183
9065.0000000000,0.6132668401
9066.0000000000,0.3291811078
9067.0000000000,0.0522038015
9068.0000000000,0.2804570078
9069.0000000000,0.3623970568
9070.0000000000,0.1606436237
9071.0000000000,0.1985390574
9072.0000000000,0.3318204831
9073.0000000000,0.2005092064
9074.0000000000,0.1631373112
9075.0000000000,0.6355854327
9076.0000000000,0.3773231638
9077.0000000000,0.3691223475
9078.0000000000,0.1393698106
9079.0000000000,0.4667445074
9080.0000000000,0.0496406230
9081.0000000000,0.4035148486
9082.0000000000,0.2841539437
9083.0000000000,0.4114150779
9084.0000000000,0.0519713132
9085.0000000000,0.2541118486
9086.0000000000,0.2495418410
9087.0000000000,0.6296656489
9088.0000000000,0.5770086508
9089.0000000000,0.3412016963
9090.0000000000,0.1137652565
9091.0000000000,0.1272471659
9092.0000000000,0.6119963820
9093.0000000000,0.3066191843
9094.0000000000,0.3037326784
9095.0000000000,0.3040080658
9096.0000000000,0.3797650009
9097.0000000000,0.1659262228
9098.0000000000,0.3713787453
9099.0000000000,0.1579901169
9100.0000000000,0.5604517160
9101.0000000000,0.3459537626
9102.0000000000,0.3462854318
9103.0000000000,0.1612068418
9104.0000000000,0.3649540644
9105.0000000000,0.1461463188
9106.0000000000,0.3270523300
9107.0000000000,0.9076091453
9108.0000000000,0.4668948264
9109.0000000000,0.0895505727
9110.0000000000,0.7645156066
9111.0000000000,0.5781545049
9112.0000000000,0.1294794918
9113.0000000000,0.1883118894
9114.0000000000,0.3019712599
9115.0000000000,0.4649379801
9116.0000000000,0.4982131979
9117.0000000000,0.5221745353
9118.0000000000,0.4608525567
9119.0000000000,0.4485942146
9120.0000000000,0.2075296666
9121.0000000000,0.5466152957
9122.0000000000,0.5918486790
9123.0000000000,0.1925800394
9124.0000000000,0.4506851378
9125.0000000000,0.1659236168
9126.0000000000,0.1321744777
9127.0000000000,0.4471405694
9128.0000000000,0.3518410487
9129.0000000000,0.1976958230
9130.0000000000,0.3161246222
9131.0000000000,0.3160098404
9132.0000000000,0.1514320915
9133.0000000000,0.2009821122
9134.0000000000,0.6059320018
9135.0000000000,0.5386968565
9136.0000000000,0.2632959862
9137.0000000000,0.1528820681
9138.0000000000,0.3932260609
9139.0000000000,0.4051225535
9140.0000000000,0.2110181161
9141.0000000000,0.2584271368
9142.0000000000,0.7417638357
9143.0000000000,0.3754860197
9144.0000000000,0.4113379651
9145.0000000000,0.2152130041
9146.0000000000,0.4567744668
9147.0000000000,0.2215445744
9148.0000000000,0.2232265603
9149.0000000000,0.3061268749
9150.0000000000,0.2771425451
9151.0000000000,0.5463292583
9152.0000000000,0.3807759834
9153.0000000000,0.0901043426
9154.0000000000,0.7253590030
9155.0000000000,0.3181724306
9156.0000000000,0.7337951535
9157.0000000000,0.1665902784
9158.0000000000,0.3306696600
9159.0000000000,0.1468549083
9160.0000000000,0.3051936267
9161.0000000000,0.5277569843
9162.0000000000,0.3333636797
9163.0000000000,0.0742174309
9164.0000000000,0.1021334883
9165.0000000000,0.2800470047
9166.0000000000,0.3053703024
9167.0000000000,0.1948497761
9168.0000000000,0.6965257189
9169.0000000000,0.3147304131
9170.0000000000,0.2521822307
9171.0000000000,0.0894150372
9172.0000000000,0.2504998186
9173.0000000000,0.3384567039
9174.0000000000,0.3461441679
9175.0000000000,0.0907658172
9176.0000000000,0.3599665472
9177.0000000000,0.2802533215
9178.0000000000,0.6244547245
9179.0000000000,0.1810821167
9180.0000000000,0.0752452139
9181.0000000000,0.6224409726
9182.0000000000,0.4936070248
9183.0000000000,0.0882407166
9184.0000000000,0.4093374872
9185.0000000000,0.3600487022
9186.0000000000,0.3710421489
9187.0000000000,0.3893149607
9188.0000000000,0.1490452599
9189.0000000000,0.2773823228
9190.0000000000,0.5189296857
9191.0000000000,0.4974659542
9192.0000000000,0.1106293264
9193.0000000000,0.1515120221
9194.0000000000,0.1287973756
9195.0000000000,0.1081658428
9196.0000000000,0.5594300260
9197.0000000000,0.2454339043
9198.0000000000,0.0465886596
9199.0000000000,0.6252629705
9200.0000000000,0.1352523584
9201.0000000000,0.4217017026
9202.0000000000,0.1225377843
9203.0000000000,0.0640228876
9204.0000000000,0.2497190987
9205.0000000000,0.7081857990
9206.0000000000,0.1770766326
9207.0000000000,0.2683755000
9208.0000000000,0.6427477127
9209.0000000000,0.0501901256
9210.0000000000,0.1901153341
9211.0000000000,0.3245787752
9212.0000000000,0.4590548421
9213.0000000000,0.1086448166
9214.0000000000,0.3042940058
9215.0000000000,0.1004924135
9216.0000000000,0.1502411088
9217.0000000000,0.1853947725
9218.0000000000,0.0994545612
9219.0000000000,0.0839173169
9220.0000000000,0.3847785010
9221.0000000000,0.5379781428
9222.0000000000,0.2509625912
9223.0000000000,0.2293487713
9224.0000000000,0.1355354011
9225.0000000000,0.4121986905
9226.0000000000,0.1264151949
9227.0000000000,0.1912833600
9228.0000000000,0.5929708044
9229.0000000000,0.3146131346
9230.0000000000,0.2473461064
9231.0000000000,0.2022570887
9232.0000000000,0.1647816788
9233.0000000000,0.5138838873
9234.0000000000,0.0942677731
9235.0000000000,0.1586930728
9236.0000000000,0.3590197259
9237.0000000000,0.6355758246
9238.0000000000,0.0691841430
9239.0000000000,0.2713396073
9240.0000000000,0.3739070943
9241.0000000000,0.2667969729
9242.0000000000,0.5042643011
9243.0000000000,0.1438356198
9244.0000000000,0.0847497397
9245.0000000000,0.4180988460
9246.0000000000,0.0946679474
9247.0000000000,0.4912539527
9248.0000000000,0.4076849678
9249.0000000000,0.2641374630
9250.0000000000,0.3100942356
9251.0000000000,0.1934941955
9252.0000000000,0.4764947371
9253.0000000000,0.6888636341
9254.0000000000,0.2022795475
9255.0000000000,0.5309535120
9256.0000000000,0.1035899188
9257.0000000000,0.2841477219
9258.0000000000,0.3167680177
9259.0000000000,0.1566804170
9260.0000000000,0.2975308603
9261.0000000000,0.1450245840
9262.0000000000,0.1271968603
9263.0000000000,0.2032565470
9264.0000000000,0.4383942884
9265.0000000000,0.2225717921
9266.0000000000,0.1826902233
9267.0000000000,0.0830724622
9268.0000000000,0.3275529518
9269.0000000000,0.1623689700
9270.0000000000,0.6423062832
9271.0000000000,0.3031718734
9272.0000000000,0.1379151039
9273.0000000000,0.2209658053
9274.0000000000,0.4380568916
9275.0000000000,0.4109376975
9276.0000000000,0.3507869581
9277.0000000000,0.4300315172
9278.0000000000,0.1414609596
9279.0000000000,0.7040262227
9280.0000000000,0.3862496808
9281.0000000000,0.0351065130
9282.0000000000,0.7958291581
9283.0000000000,0.1364136217
9284.0000000000,0.2017908669
9285.0000000000,0.6509028597
9286.0000000000,0.5412088034
9287.0000000000,0.3276839244
9288.0000000000,0.1692176355
9289.0000000000,0.2186098804
9290.0000000000,0.2422798637
9291.0000000000,0.1179669018
9292.0000000000,0.1208471966
9293.0000000000,0.3043383665
9294.0000000000,0.3113174470
9295.0000000000,0.2816668739
9296.0000000000,0.1242170147
9297.0000000000,0.3869825504
9298.0000000000,0.0831427957
9299.0000000000,0.0843306392
9300.0000000000,0.3128428946
9301.0000000000,0.1233943993
9302.0000000000,0.7111363109
9303.0000000000,0.0971104571
9304.0000000000,0.1509491709
9305.0000000000,0.3803881765
9306.0000000000,0.3195056220
9307.0000000000,0.0954192971
9308.0000000000,0.4712377761
9309.0000000000,0.5578481765
9310.0000000000,0.5764847298
9311.0000000000,0.3676503091
9312.0000000000,0.5128538605
9313.0000000000,0.5881806515
9314.0000000000,0.1490873359
9315.0000000000,0.1623268783
9316.0000000000,0.0837960317
9317.0000000000,0.6005010845
9318.0000000000,0.5100809852
9319.0000000000,0.1115704526
9320.0000000000,0.3107557453
9321.0000000000,0.5486867645
9322.0000000000,0.5786029302
9323.0000000000,0.3904067079
9324.0000000000,0.1675410061
9325.0000000000,0.1597628295
9326.0000000000,0.2269739973
9327.0000000000,0.4562828883
9328.0000000000,0.5225548897
9329.0000000000,0.1432901601
9330.0000000000,0.2932493493
9331.0000000000,0.0830361856
9332.0000000000,0.0628038984
9333.0000000000,0.3075019069
9334.0000000000,0.0705957600
9335.0000000000,0.4949013111
9336.0000000000,0.1269814508
9337.0000000000,0.4515386512
9338.0000000000,0.2674409570
9339.0000000000,0.2250856023
9340.0000000000,0.2025514031
9341.0000000000,0.0776589129
9342.0000000000,0.3813361246
9343.0000000000,0.4603383960
9344.0000000000,0.3912641999
9345.0000000000,0.2998042760
9346.0000000000,0.7391271136
9347.0000000000,0.3309927978
9348.0000000000,0.2467509318
9349.0000000000,0.0819571482
9350.0000000000,0.0908121895
9351.0000000000,0.3296881675
9352.0000000000,0.2557587977
9353.0000000000,0.2317041557
9354.0000000000,0.2173436578
9355.0000000000,0.0782703753
9356.0000000000,0.4188893721
9357.0000000000,0.2484084155
9358.0000000000,0.1509862916
9359.0000000000,0.4769888980
9360.0000000000,0.1440297652
9361.0000000000,0.0945453254
9362.0000000000,0.1895416858
9363.0000000000,0.2702765554
9364.0000000000,0.2975241733
9365.0000000000,0.3738852383
9366.0000000000,0.2609652298
9367.0000000000,0.1959911850
9368.0000000000,0.2432922485
9369.0000000000,0.1785867523
9370.0000000000,0.1941867634
9371.0000000000,0.4618590870
9372.0000000000,0.1927474498
9373.0000000000,0.0809519711
9374.0000000000,0.1374728974
9375.0000000000,0.2117032461
9376.0000000000,0.0860811797
9377.0000000000,0.5591340682
9378.0000000000,0.2832190683
9379.0000000000,0.3817061477
9380.0000000000,0.1853556310
9381.0000000000,0.2366873206
9382.0000000000,0.0933368633
9383.0000000000,0.1822909082
9384.0000000000,0.0995524849
9385.0000000000,0.1506905983
9386.0000000000,0.1849712013
9387.0000000000,0.3300790039
9388.0000000000,0.1280995230
9389.0000000000,0.2541261327
9390.0000000000,0.5740614982
9391.0000000000,0.4171385316
9392.0000000000,0.1036747110
9393.0000000000,0.1368572697
9394.0000000000,0.1528078556
9395.0000000000,0.1666135729
9396.0000000000,0.3085685539
9397.0000000000,0.2072043891
9398.0000000000,0.2986047765
9399.0000000000,0.4530183879
9400.0000000000,0.2772650704
9401.0000000000,0.2415908366
9402.0000000000,0.3804819025
9403.0000000000,0.0671733694
9404.0000000000,0.0414978718
9405.0000000000,0.0456995262
9406.0000000000,0.1206922355
9407.0000000000,0.1077530152
9408.0000000000,0.1941476024
9409.0000000000,0.4286233635
9410.0000000000,0.2237928460
9411.0000000000,0.1575411826
9412.0000000000,0.2521605813
9413.0000000000,0.3506149236
9414.0000000000,0.4227024105
9415.0000000000,0.4517091867
9416.0000000000,0.1100682197
9417.0000000000,0.2262729802
9418.0000000000,0.4631984878
9419.0000000000,0.4704253113
9420.0000000000,0.3135007434
9421.0000000000,0.2499958486
9422.0000000000,0.7253553535
9423.0000000000,0.0880634563
9424.0000000000,0.2423553778
9425.0000000000,0.3058195140
9426.0000000000,0.7684009544
9427.0000000000,0.1858270237
9428.0000000000,0.2993197664
9429.0000000000,0.1792398020
9430.0000000000,0.2673403500
9431.0000000000,0.3594923093
9432.0000000000,0.1536481949
9433.0000000000,0.2045832344
9434.0000000000,0.0867804001
9435.0000000000,0.5286628346
9436.0000000000,0.0654163964
9437.0000000000,0.2958429081
9438.0000000000,0.1539915920
9439.0000000000,0.4291537478
9440.0000000000,0.0942206368
9441.0000000000,0.1435217437
9442.0000000000,0.2353468458
9443.0000000000,0.1789192509
9444.0000000000,0.2548930876
9445.0000000000,0.3986373840
9446.0000000000,0.4789758894
9447.0000000000,0.1352393520
9448.0000000000,0.0697214341
9449.0000000000,0.5894361983
9450.0000000000,0.1034846696
9451.0000000000,0.6432801198
9452.0000000000,0.1899556863
9453.0000000000,0.1360920753
9454.0000000000,0.0657672134
9455.0000000000,0.3040932503
9456.0000000000,0.7495873047
9457.0000000000,0.6250262199
9458.0000000000,0.4628468849
9459.0000000000,0.2450206975
9460.0000000000,0.1207990861
9461.0000000000,0.1584974946
9462.0000000000,0.0437769776
9463.0000000000,0.5143646293
9464.0000000000,0.3960662924
9465.0000000000,0.3302503270
9466.0000000000,0.1137527427
9467.0000000000,0.2857329657
9468.0000000000,0.2193713433
9469.0000000000,0.2808213159
9470.0000000000,0.7138690771
9471.0000000000,0.6196683064
9472.0000000000,0.5031740426
9473.0000000000,0.2579836915
9474.0000000000,0.5311271439
9475.0000000000,0.0712974313
9476.0000000000,0.4245636681
9477.0000000000,0.2120691538
9478.0000000000,0.2630800837
9479.0000000000,0.0982672729
9480.0000000000,0.5142278243
9481.0000000000,0.1400485596
9482.0000000000,0.2388500770
9483.0000000000,0.2767943011
9484.0000000000,0.0671941125
9485.0000000000,0.4496760553
9486.0000000000,0.2950365343
9487.0000000000,0.2205829847
9488.0000000000,0.6034309761
9489.0000000000,0.4569133100
9490.0000000000,0.2552601596
9491.0000000000,0.7363318876
9492.0000000000,0.1707195728
9493.0000000000,0.3096283349
9494.0000000000,0.1832597793
9495.0000000000,0.1500181925
9496.0000000000,0.1999298778
9497.0000000000,0.0693860534
9498.0000000000,0.3612350320
9499.0000000000,0.2771816863
9500.0000000000,0.2946441467
9501.0000000000,0.7138857813
9502.0000000000,0.4067405987
9503.0000000000,0.0664887030
9504.0000000000,0.1032971038
9505.0000000000,0.1036353658
9506.0000000000,0.6709409804
9507.0000000000,0.3669254774
9508.0000000000,0.5620170890
9509.0000000000,0.7042094296
9510.0000000000,0.5686185938
9511.0000000000,0.4261543244
9512.0000000000,0.4086492063
9513.0000000000,0.4249694709
9514.0000000000,0.3989134139
9515.0000000000,0.4960926754
9516.0000000000,0.1846599781
9517.0000000000,0.3470794145
9518.0000000000,0.1026638609
9519.0000000000,0.2056360307
9520.0000000000,0.0855926222
9521.0000000000,0.3858721415
9522.0000000000,0.1340463195
9523.0000000000,0.5662512661
9524.0000000000,0.3734778214
9525.0000000000,0.3105039113
9526.0000000000,0.1026203010
9527.0000000000,0.4571116498
9528.0000000000,0.4691678283
9529.0000000000,0.0231208342
9530.0000000000,0.0948282878
9531.0000000000,0.0684282935
9532.0000000000,0.1190995531
9533.0000000000,0.1229708392
9534.0000000000,0.8541017576
9535.0000000000,0.5748801630
9536.0000000000,0.1570231613
9537.0000000000,0.1382006114
9538.0000000000,0.2665529741
9539.0000000000,0.1397560817
9540.0000000000,0.2664112479
9541.0000000000,0.1729618755
9542.0000000000,0.2386696414
9543.0000000000,0.2559931499
9544.0000000000,0.3505661539
9545.0000000000,0.0813738543
9546.0000000000,0.1772422878
9547.0000000000,0.1946978853
9548.0000000000,0.1552779656
9549.0000000000,0.3135306815
9550.0000000000,0.4154240988
9551.0000000000,0.2185275387
9552.0000000000,0.0646102996
9553.0000000000,0.1369152920
9554.0000000000,0.5231122676
9555.0000000000,0.2428826035
9556.0000000000,0.1753606894
9557.0000000000,0.1216622319
9558.0000000000,0.0914469983
9559.0000000000,0.4499338824
9560.0000000000,0.5465049658
9561.0000000000,0.1108904969
9562.0000000000,0.4532822194
9563.0000000000,0.4644178116
9564.0000000000,0.1850971066
9565.0000000000,0.1555186731
9566.0000000000,0.3677050578
9567.0000000000,0.1739708121
9568.0000000000,0.0685435241
9569.0000000000,0.6782559509
9570.0000000000,0.0995226605
9571.0000000000,0.1408233819
9572.0000000000,0.3743750800
9573.0000000000,0.3113910558
9574.0000000000,0.3854789037
9575.0000000000,0.4105531287
9576.0000000000,0.2555309666
9577.0000000000,0.2583500213
9578.0000000000,0.1305760127
9579.0000000000,0.1455237369
9580.0000000000,0.7391216968
9581.0000000000,0.0942909024
9582.0000000000,0.5412735161
9583.0000000000,0.1114203732
9584.0000000000,0.2580365693
9585.0000000000,0.3739731990
9586.0000000000,0.1870225258
9587.0000000000,0.1734873005
9588.0000000000,0.3889314672
9589.0000000000,0.1157557419
9590.0000000000,0.2407112996
9591.0000000000,0.0660790741
9592.0000000000,0.0801996123
9593.0000000000,0.5021227115
9594.0000000000,0.2533157994
9595.0000000000,0.4118414167
9596.0000000000,0.1887741429
9597.0000000000,0.6292260170
9598.0000000000,0.7827334868
9599.0000000000,0.0738851329
9600.0000000000,0.1382986482
9601.0000000000,0.2960775081
9602.0000000000,0.3876026962
9603.0000000000,0.1590088587
9604.0000000000,0.1381183521
9605.0000000000,0.2479185128
9606.0000000000,0.1752713277
9607.0000000000,0.1508560054
9608.0000000000,0.1018594966
9609.0000000000,0.2444178847
9610.0000000000,0.1909806833
9611.0000000000,0.1076379244
9612.0000000000,0.0667419269
9613.0000000000,0.3812251174
9614.0000000000,0.2026765726
9615.0000000000,0.6442450600
9616.0000000000,0.3330369767
9617.0000000000,0.3688821370
9618.0000000000,0.5694116182
9619.0000000000,0.6320999047
9620.0000000000,0.5181093299
9621.0000000000,0.0626105111
9622.0000000000,0.5016636553
9623.0000000000,0.1446199277
9624.0000000000,0.0624218610
9625.0000000000,0.4570155228
9626.0000000000,0.3639947650
9627.0000000000,0.6625926863
9628.0000000000,0.0582745330
9629.0000000000,0.3647643993
9630.0000000000,0.2233069973
9631.0000000000,0.2561825003
9632.0000000000,0.0675522322
9633.0000000000,0.4191850293
9634.0000000000,0.0683598895
9635.0000000000,0.6081956662
9636.0000000000,0.4365852038
9637.0000000000,0.2245952488
9638.0000000000,0.0951664454
9639.0000000000,0.6840987828
9640.0000000000,0.0538216146
9641.0000000000,0.0844580093
9642.0000000000,0.2514200366
9643.0000000000,0.5525019617
9644.0000000000,0.0882609994
9645.0000000000,0.1166597799
9646.0000000000,0.3782798528
9647.0000000000,0.1772216993
9648.0000000000,0.1964594526
9649.0000000000,0.1372530506
9650.0000000000,0.3363886110
9651.0000000000,0.2737134866
9652.0000000000,0.1837336339
9653.0000000000,0.3983376011
9654.0000000000,0.3276143615
9655.0000000000,0.5366255980
9656.0000000000,0.6515417097
9657.0000000000,0.6155506626
9658.0000000000,0.1412399008
9659.0000000000,0.1383693911
9660.0000000000,0.2268598731
9661.0000000000,0.1376195407
9662.0000000000,0.2418527593
9663.0000000000,0.4903726876
9664.0000000000,0.1406096051
9665.0000000000,0.4320653108
9666.0000000000,0.2242767967
9667.0000000000,0.1465374552
9668.0000000000,0.1054401289
9669.0000000000,0.3141465188
9670.0000000000,0.1193804064
9671.0000000000,0.0843903434
9672.0000000000,0.2106047393
9673.0000000000,0.2627444780
9674.0000000000,0.3756413541
9675.0000000000,0.2212200062
9676.0000000000,0.1334677771
9677.0000000000,0.0438229336
9678.0000000000,0.1830484862
9679.0000000000,0.3208028472
9680.0000000000,0.3854379876
9681.0000000000,0.3454359824
9682.0000000000,0.6759250911
9683.0000000000,0.1237974399
9684.0000000000,0.1425154763
9685.0000000000,0.3655626267
9686.0000000000,0.4602430288
9687.0000000000,0.4759738710
9688.0000000000,0.2988616788
9689.0000000000,0.0987408225
9690.0000000000,0.3807921090
9691.0000000000,0.1103673568
9692.0000000000,0.1525833560
9693.0000000000,0.0478198865
9694.0000000000,0.8508944649
9695.0000000000,0.6404298344
9696.0000000000,0.3854899851
9697.0000000000,0.3586356056
9698.0000000000,0.6593109119
9699.0000000000,0.4273440886
9700.0000000000,0.3243021222
9701.0000000000,0.2589485481
9702.0000000000,0.1385950810
9703.0000000000,0.1598836468
9704.0000000000,0.1005575747
9705.0000000000,0.2506663317
9706.0000000000,0.8205108563
9707.0000000000,0.1576379508
9708.0000000000,0.1684617609
9709.0000000000,0.2085294460
9710.0000000000,0.3268319104
9711.0000000000,0.2570970461
9712.0000000000,0.3250787157
9713.0000000000,0.3089665001
9714.0000000000,0.3545679055
9715.0000000000,0.0798989654
9716.0000000000,0.3098218345
9717.0000000000,0.1467528688
9718.0000000000,0.3507642311
9719.0000000000,0.5507989481
9720.0000000000,0.4773812304
9721.0000000000,0.2585071714
9722.0000000000,0.2782802118
9723.0000000000,0.4349793768
9724.0000000000,0.4413615255
9725.0000000000,0.1932845081
9726.0000000000,0.2157200608
9727.0000000000,0.1065325728
9728.0000000000,0.1326533501
9729.0000000000,0.6444893324
9730.0000000000,0.1143457818
9731.0000000000,0.2785826249
9732.0000000000,0.3056967656
9733.0000000000,0.3172164801
9734.0000000000,0.1729244992
9735.0000000000,0.2283675499
9736.0000000000,0.3502692091
9737.0000000000,0.3332032423
9738.0000000000,0.6442406349
9739.0000000000,0.2195993041
9740.0000000000,0.1487558372
9741.0000000000,0.5072984245
9742.0000000000,0.0501392883
9743.0000000000,0.2748780773
9744.0000000000,0.0675703169
9745.0000000000,0.3002221843
9746.0000000000,0.1477929429
9747.0000000000,0.0592015508
9748.0000000000,0.2099438162
9749.0000000000,0.3050572032
9750.0000000000,0.3691361443
9751.0000000000,0.3149084607
9752.0000000000,0.1807107323
9753.0000000000,0.1697706702
9754.0000000000,0.3605153719
9755.0000000000,0.2351951212
9756.0000000000,0.5385812938
9757.0000000000,0.4706340111
9758.0000000000,0.1344383147
9759.0000000000,0.1517658226
9760.0000000000,0.0598445727
9761.0000000000,0.3910243543
9762.0000000000,0.2307960692
9763.0000000000,0.1234649088
9764.0000000000,0.0272727777
9765.0000000000,0.2801932941
9766.0000000000,0.0579679051
9767.0000000000,0.3728586312
9768.0000000000,0.1850927346
9769.0000000000,0.3137704441
9770.0000000000,0.3088053312
9771.0000000000,0.1823826934
9772.0000000000,0.1355112831
9773.0000000000,0.3903564970
9774.0000000000,0.2805823415
9775.0000000000,0.2633269394
9776.0000000000,0.2507764816
9777.0000000000,0.2385645407
9778.0000000000,0.3477911832
9779.0000000000,0.4758891159
9780.0000000000,0.0900593986
9781.0000000000,0.1513298607
9782.0000000000,0.1749247609
9783.0000000000,0.6457884212
9784.0000000000,0.0524068066
9785.0000000000,0.2408147903
9786.0000000000,0.5464538375
9787.0000000000,0.2592235693
9788.0000000000,0.1526533443
9789.0000000000,0.0575115912
9790.0000000000,0.1130413294
9791.0000000000,0.0922909885
9792.0000000000,0.3760601918
9793.0000000000,0.4393601316
9794.0000000000,0.3752149809
9795.0000000000,0.2828858836
9796.0000000000,0.1330679353
9797.0000000000,0.4018912411
9798.0000000000,0.1824236581
9799.0000000000,0.5280580164
9800.0000000000,0.1317923253
9801.0000000000,0.3320457456
9802.0000000000,0.6436927601
9803.0000000000,0.2018818153
9804.0000000000,0.5425160434
9805.0000000000,0.4580739225
9806.0000000000,0.4801268914
9807.0000000000,0.6605731598
9808.0000000000,0.3799083847
9809.0000000000,0.1310900159
9810.0000000000,0.7018610984
9811.0000000000,0.1949518149
9812.0000000000,0.3059611980
9813.0000000000,0.3149292171
9814.0000000000,0.5830066893
9815.0000000000,0.0915973761
9816.0000000000,0.2175163027
9817.0000000000,0.2017256636
9818.0000000000,0.4995135559
9819.0000000000,0.1211275449
9820.0000000000,0.3061528260
9821.0000000000,0.2659558834
9822.0000000000,0.4351155357
9823.0000000000,0.2596981939
9824.0000000000,0.0479935103
9825.0000000000,0.5387256166
9826.0000000000,0.2817329953
9827.0000000000,0.1540706657
9828.0000000000,0.4919581726
9829.0000000000,0.6860987255
9830.0000000000,0.5043424561
9831.0000000000,0.1269328807
9832.0000000000,0.0532266701
9833.0000000000,0.0949369521
9834.0000000000,0.3066666978
9835.0000000000,0.5639555873
9836.0000000000,0.1046067609
9837.0000000000,0.0761439685
9838.0000000000,0.4047672556
9839.0000000000,0.2443313082
9840.0000000000,0.4129188349
9841.0000000000,0.1836696356
9842.0000000000,0.4031129104
9843.0000000000,0.1065194275
9844.0000000000,0.7348731424
9845.0000000000,0.2325358986
9846.0000000000,0.1999960260
9847.0000000000,0.5356251317
9848.0000000000,0.5767107418
9849.0000000000,0.2678531054
9850.0000000000,0.3546738387
9851.0000000000,0.4678854555
9852.0000000000,0.2367713750
9853.0000000000,0.1565074707
9854.0000000000,0.2775424555
9855.0000000000,0.0968023944
9856.0000000000,0.0796899934
9857.0000000000,0.1071330678
9858.0000000000,0.3617509319
9859.0000000000,0.8665299927
9860.0000000000,0.2143925055
9861.0000000000,0.3776313014
9862.0000000000,0.3582021434
9863.0000000000,0.2955056806
9864.0000000000,0.1779077868
9865.0000000000,0.2841345384
9866.0000000000,0.5933041499
9867.0000000000,0.5413087284
9868.0000000000,0.5830916119
9869.0000000000,0.3452710684
9870.0000000000,0.1401579049
9871.0000000000,0.1959348135
9872.0000000000,0.1413727152
9873.0000000000,0.7474982477
9874.0000000000,0.4269035855
9875.0000000000,0.2770944061
9876.0000000000,0.1590586137
9877.0000000000,0.1573832585
9878.0000000000,0.2385604329
9879.0000000000,0.0821393721
9880.0000000000,0.2150971344
9881.0000000000,0.8793610313
9882.0000000000,0.1072897075
9883.0000000000,0.3031889712
9884.0000000000,0.3261105864
9885.0000000000,0.1098191890
9886.0000000000,0.4022192016
9887.0000000000,0.2591350594
9888.0000000000,0.1315174864
9889.0000000000,0.1286324321
9890.0000000000,0.1543133602
9891.0000000000,0.2005984057
9892.0000000000,0.4883788242
9893.0000000000,0.2362929812
9894.0000000000,0.2214197975
9895.0000000000,0.2052028189
9896.0000000000,0.2192221612
9897.0000000000,0.1401836453
9898.0000000000,0.3250130053
9899.0000000000,0.2351085387
9900.0000000000,0.5329881999
9901.0000000000,0.1703275186
9902.0000000000,0.5297132971
9903.0000000000,0.1581894416
9904.0000000000,0.6189828780
9905.0000000000,0.2533985932
9906.0000000000,0.1492981943
9907.0000000000,0.3241068530
9908.0000000000,0.2416515202
9909.0000000000,0.1092153528
9910.0000000000,0.0985368087
9911.0000000000,0.6140537815
9912.0000000000,0.2171677698
9913.0000000000,0.1711075055
9914.0000000000,0.4008263307
9915.0000000000,0.5624947949
9916.0000000000,0.4373845025
9917.0000000000,0.0945900305
9918.0000000000,0.4835098016
9919.0000000000,0.2357720749
9920.0000000000,0.6874529556
9921.0000000000,0.1118164933
9922.0000000000,0.3066695744
9923.0000000000,0.1619896782
9924.0000000000,0.2385498098
9925.0000000000,0.1316222163
9926.0000000000,0.3856677083
9927.0000000000,0.2811699542
9928.0000000000,0.1999908607
9929.0000000000,0.1368656895
9930.0000000000,0.1864176464
9931.0000000000,0.3914799710
9932.0000000000,0.0453099794
9933.0000000000,0.0261563757
9934.0000000000,0.2056486419
9935.0000000000,0.2790906889
9936.0000000000,0.3816098170
9937.0000000000,0.3182157364
9938.0000000000,0.3457713872
9939.0000000000,0.3074365086
9940.0000000000,0.5249415791
9941.0000000000,0.3798867681
9942.0000000000,0.1873077177
9943.0000000000,0.0749952756
9944.0000000000,0.3789181244
9945.0000000000,0.5258062695
9946.0000000000,0.0491919934
9947.0000000000,0.3679637040
9948.0000000000,0.1066551449
9949.0000000000,0.3072486572
9950.0000000000,0.3584001825
9951.0000000000,0.2631898922
9952.0000000000,0.5835540156
9953.0000000000,0.1902422491
9954.0000000000,0.1554472202
9955.0000000000,0.1564532230
9956.0000000000,0.3572281800
9957.0000000000,0.1430950852
9958.0000000000,0.1565700653
9959.0000000000,0.0665269314
9960.0000000000,0.1758143097
9961.0000000000,0.1635870198
9962.0000000000,0.1645457439
9963.0000000000,0.2379026350
9964.0000000000,0.4628274058
9965.0000000000,0.1483752444
9966.0000000000,0.6743020332
9967.0000000000,0.2553021570
9968.0000000000,0.1434201229
9969.0000000000,0.3278375457
9970.0000000000,0.3685388763
9971.0000000000,0.1906534178
9972.0000000000,0.1288531072
9973.0000000000,0.1907382053
9974.0000000000,0.1939631511
9975.0000000000,0.4989693742
9976.0000000000,0.1908332641
9977.0000000000,0.4646680743
9978.0000000000,0.4388973727
9979.0000000000,0.0968784397
9980.0000000000,0.1736329756
9981.0000000000,0.4885974803
9982.0000000000,0.3025507139
9983.0000000000,0.2842593675
9984.0000000000,0.4390468953
9985.0000000000,0.0762499231
9986.0000000000,0.0412819673
9987.0000000000,0.1846831348
9988.0000000000,0.3873743661
9989.0000000000,0.5340234609
9990.0000000000,0.1862203621
9991.0000000000,0.5350305544
9992.0000000000,0.3151306613
9993.0000000000,0.0748567959
9994.0000000000,0.2847031559
9995.0000000000,0.2772958935
9996.0000000000,0.1932970674
9997.0000000000,0.3333932803
9998.0000000000,0.0642836134
9999.0000000000,0.5591236724
10000.0000000000,0.6406229838
10001.0000000000,0.3016395328
10002.0000000000,0.2605750804
10003.0000000000,0.1707635070
10004.0000000000,0.1581215052
10005.0000000000,0.4581118145
10006.0000000000,0.3045098505
10007.0000000000,0.4297527178
10008.0000000000,0.1741729660
10009.0000000000,0.1827000830
10010.0000000000,0.1216416120
10011.0000000000,0.5737812830
10012.0000000000,0.0773443211
10013.0000000000,0.6817846315
10014.0000000000,0.1314178928
10015.0000000000,0.1474238271
10016.0000000000,0.4697457486
10017.0000000000,0.1523157854
10018.0000000000,0.1472224585
10019.0000000000,0.2983462927
10020.0000000000,0.1136264581
10021.0000000000,0.4675049646
10022.0000000000,0.2457207029
10023.0000000000,0.5186589763
10024.0000000000,0.3334818936
10025.0000000000,0.4289115651
10026.0000000000,0.2185747118
10027.0000000000,0.2489833745
10028.0000000000,0.3972569436
10029.0000000000,0.3059077145
10030.0000000000,0.2151701398
10031.0000000000,0.2011854782
10032.0000000000,0.4499780912
10033.0000000000,0.2807738876
10034.0000000000,0.1165402492
10035.0000000000,0.1747339249
10036.0000000000,0.3915757545
10037.0000000000,0.1918128503
10038.0000000000,0.2851386824
10039.0000000000,0.1083156798
10040.0000000000,0.1689054216
10041.0000000000,0.3740543520
10042.0000000000,0.1905505994
10043.0000000000,0.5167614015
10044.0000000000,0.5227171689
10045.0000000000,0.1747381570
10046.0000000000,0.1769993074
10047.0000000000,0.2373929094
10048.0000000000,0.0634785300
10049.0000000000,0.0957756917
10050.0000000000,0.4083148595
10051.0000000000,0.2960898805
10052.0000000000,0.2716050722
10053.0000000000,0.4230561933
10054.0000000000,0.1485639828
10055.0000000000,0.2849712228
10056.0000000000,0.2848629565
10057.0000000000,0.4186529644
10058.0000000000,0.1062147746
10059.0000000000,0.1554800810
10060.0000000000,0.6049013131
10061.0000000000,0.4010810824
10062.0000000000,0.0973725966
10063.0000000000,0.2390566594
10064.0000000000,0.4958341714
10065.0000000000,0.1673517811
10066.0000000000,0.2814893497
10067.0000000000,0.4195316632
10068.0000000000,0.0207994468
10069.0000000000,0.3762243483
10070.0000000000,0.1719430564
10071.0000000000,0.1432694237
10072.0000000000,0.3814335128
10073.0000000000,0.0500140609
10074.0000000000,0.1805352182
10075.0000000000,0.4236875970
10076.0000000000,0.2388777034
10077.0000000000,0.3881349648
10078.0000000000,0.4374601351
10079.0000000000,0.5893551798
10080.0000000000,0.3266978492
10081.0000000000,0.4932496596
10082.0000000000,0.2931771111
10083.0000000000,0.5430528388
10084.0000000000,0.3171935768
10085.0000000000,0.2421409535
10086.0000000000,0.0889944333
10087.0000000000,0.3143912431
10088.0000000000,0.5834964508
10089.0000000000,0.5792182495
10090.0000000000,0.0823567399
10091.0000000000,0.3821433605
10092.0000000000,0.4137181441
10093.0000000000,0.2120943631
10094.0000000000,0.1780633326
10095.0000000000,0.1523415623
10096.0000000000,0.4816745944
10097.0000000000,0.8231148647
10098.0000000000,0.1267340459
10099.0000000000,0.0880319941
10100.0000000000,0.4671159640
10101.0000000000,0.2889184325
10102.0000000000,0.3881735117
10103.0000000000,0.1055288224
10104.0000000000,0.0284428210
10105.0000000000,0.2043981827
10106.0000000000,0.3804864307
10107.0000000000,0.4345710178
10108.0000000000,0.2351154288
10109.0000000000,0.4235835920
10110.0000000000,0.1993473565
10111.0000000000,0.1467724847
10112.0000000000,0.0747245524
10113.0000000000,0.2929487958
10114.0000000000,0.3657048606
10115.0000000000,0.1972924226
10116.0000000000,0.4283909244
10117.0000000000,0.1655517585
10118.0000000000,0.4985366637
10119.0000000000,0.4167653803
10120.0000000000,0.2449976698
10121.0000000000,0.8487919028
10122.0000000000,0.8469858433
10123.0000000000,0.0533271036
10124.0000000000,0.2060677080
10125.0000000000,0.1401317036
10126.0000000000,0.2941329282
10127.0000000000,0.2678654533
10128.0000000000,0.2254937766
10129.0000000000,0.0965027034
10130.0000000000,0.1143438025
10131.0000000000,0.3910952042
10132.0000000000,0.2709296299
10133.0000000000,0.3750480297
10134.0000000000,0.3656282582
10135.0000000000,0.3677866132
10136.0000000000,0.2450977397
10137.0000000000,0.3222217901
10138.0000000000,0.4073487112
10139.0000000000,0.2291411424
10140.0000000000,0.5050394270
10141.0000000000,0.4182702193
10142.0000000000,0.1417994493
10143.0000000000,0.3082421867
10144.0000000000,0.7296024314
10145.0000000000,0.2152031823
10146.0000000000,0.2558582623
10147.0000000000,0.1979534006
10148.0000000000,0.4096280196
10149.0000000000,0.1913458095
10150.0000000000,0.1441895919
10151.0000000000,0.4756550657
10152.0000000000,0.1866281593
10153.0000000000,0.3127888579
10154.0000000000,0.0896616983
10155.0000000000,0.3469319635
10156.0000000000,0.2879449768
10157.0000000000,0.6009511008
10158.0000000000,0.2484301083
10159.0000000000,0.4983067136
10160.0000000000,0.6243071711
10161.0000000000,0.3098484779
10162.0000000000,0.1478701865
10163.0000000000,0.1634272423
10164.0000000000,0.4823606515
10165.0000000000,0.3094453424
10166.0000000000,0.0593722207
10167.0000000000,0.3137236537
10168.0000000000,0.1206202702
10169.0000000000,0.5483708325
10170.0000000000,0.3873662801
10171.0000000000,0.5607726848
10172.0000000000,0.2602248534
10173.0000000000,0.2943563589
10174.0000000000,0.1301005901
10175.0000000000,0.4087270121
10176.0000000000,0.6160892918
10177.0000000000,0.5611903134
10178.0000000000,0.3991502454
10179.0000000000,0.1236077025
10180.0000000000,0.3369065451
10181.0000000000,0.0678365059
10182.0000000000,0.2975240241
10183.0000000000,0.1700044498
10184.0000000000,0.4435587271
10185.0000000000,0.2707925616
10186.0000000000,0.2164428788
10187.0000000000,0.3606745925
10188.0000000000,0.4978464113
10189.0000000000,0.1866100828
10190.0000000000,0.3025490386
10191.0000000000,0.2391110559
10192.0000000000,0.1431293016
10193.0000000000,0.3559692204
10194.0000000000,0.1754606938
10195.0000000000,0.3125746949
10196.0000000000,0.2348489960
10197.0000000000,0.1828382399
10198.0000000000,0.5418943050
10199.0000000000,0.0414583530
10200.0000000000,0.1663824957
10201.0000000000,0.0832671100
10202.0000000000,0.0774681217
10203.0000000000,0.1060955754
10204.0000000000,0.0987426623
10205.0000000000,0.3069666657
10206.0000000000,0.6518997912
10207.0000000000,0.4432217718
10208.0000000000,0.1500743316
10209.0000000000,0.5050164900
10210.0000000000,0.4007480573
10211.0000000000,0.1589153269
10212.0000000000,0.4048301719
10213.0000000000,0.4253204380
10214.0000000000,0.2430931160
10215.0000000000,0.6980814052
10216.0000000000,0.2261668794
10217.0000000000,0.3792651337
10218.0000000000,0.5486929174
10219.0000000000,0.1452501251
10220.0000000000,0.4629688969
10221.0000000000,0.2123427894
10222.0000000000,0.0795595563
10223.0000000000,0.5976549640
10224.0000000000,0.3990114046
10225.0000000000,0.1286862915
10226.0000000000,0.6196594213
10227.0000000000,0.2376890392
10228.0000000000,0.4773628041
10229.0000000000,0.3408597216
10230.0000000000,0.0584678601
10231.0000000000,0.0824271607
10232.0000000000,0.1370701658
10233.0000000000,0.3758601924
10234.0000000000,0.4903370274
10235.0000000000,0.1809203201
10236.0000000000,0.2127736603
10237.0000000000,0.2246046669
10238.0000000000,0.4227400677
10239.0000000000,0.5368072794
10240.0000000000,0.3802413125
10241.0000000000,0.0670440323
10242.0000000000,0.1344023515
10243.0000000000,0.3052417887
10244.0000000000,0.5389163875
10245.0000000000,0.1775687707
10246.0000000000,0.2053217817
10247.0000000000,0.2731952492
10248.0000000000,0.1552777793
10249.0000000000,0.2085732809
10250.0000000000,0.3025746767
10251.0000000000,0.5193347768
10252.0000000000,0.3599040295
10253.0000000000,0.0645773873
10254.0000000000,0.2434194943
10255.0000000000,0.3111186898
10256.0000000000,0.3724082912
10257.0000000000,0.7306756389
10258.0000000000,0.2881422801
10259.0000000000,0.4119810174
10260.0000000000,0.2931597611
10261.0000000000,0.1669377745
10262.0000000000,0.0945159766
10263.0000000000,0.1515795485
10264.0000000000,0.2612504474
10265.0000000000,0.4486938357
10266.0000000000,0.2134273107
10267.0000000000,0.1829910163
10268.0000000000,0.2633184671
10269.0000000000,0.4210633998
10270.0000000000,0.1645139212
10271.0000000000,0.3318681963
10272.0000000000,0.5996222284
10273.0000000000,0.3274431999
10274.0000000000,0.0660110556
10275.0000000000,0.0820140113
10276.0000000000,0.2638223946
10277.0000000000,0.0765095468
10278.0000000000,0.2189942528
10279.0000000000,0.4288952241
10280.0000000000,0.1423283794
10281.0000000000,0.5423909304
10282.0000000000,0.1781601626
10283.0000000000,0.1374197229
10284.0000000000,0.6648839320
10285.0000000000,0.1742021626
10286.0000000000,0.1124141716
10287.0000000000,0.2358026919
10288.0000000000,0.1130253146
10289.0000000000,0.2522489979
10290.0000000000,0.1080876327
10291.0000000000,0.5949931226
10292.0000000000,0.1737674937
10293.0000000000,0.1420866121
10294.0000000000,0.3820723056
10295.0000000000,0.4446433662
10296.0000000000,0.4977237879
10297.0000000000,0.0905672951
10298.0000000000,0.2937089128
10299.0000000000,0.3696235405
10300.0000000000,0.1762715054
10301.0000000000,0.2701095644
10302.0000000000,0.6290726951
10303.0000000000,0.4258182039
10304.0000000000,0.4928549834
10305.0000000000,0.0411337146
10306.0000000000,0.3159437404
10307.0000000000,0.6576153676
10308.0000000000,0.2865664049
10309.0000000000,0.2809620417
10310.0000000000,0.1113567267
10311.0000000000,0.2570307508
10312.0000000000,0.2745369294
10313.0000000000,0.3316728241
10314.0000000000,0.5261487987
10315.0000000000,0.5342185926
10316.0000000000,0.4319342713
10317.0000000000,0.6143178487
10318.0000000000,0.0966469139
10319.0000000000,0.2647469304
10320.0000000000,0.4077631509
10321.0000000000,0.4014787272
10322.0000000000,0.1921655415
10323.0000000000,0.4273551065
10324.0000000000,0.3532640665
10325.0000000000,0.0706918316
10326.0000000000,0.1024082466
10327.0000000000,0.3203562440
10328.0000000000,0.1648064509
10329.0000000000,0.0886152870
10330.0000000000,0.6358555983
10331.0000000000,0.2045694610
10332.0000000000,0.3374074695
10333.0000000000,0.2779806305
10334.0000000000,0.1880340203
10335.0000000000,0.3426294941
10336.0000000000,0.1626046463
10337.0000000000,0.2153770385
10338.0000000000,0.4545353705
10339.0000000000,0.4943863738
10340.0000000000,0.3437992029
10341.0000000000,0.7433024453
10342.0000000000,0.3836504337
10343.0000000000,0.0683260674
10344.0000000000,0.1318846688
10345.0000000000,0.1498484169
10346.0000000000,0.2453028452
10347.0000000000,0.2700011823
10348.0000000000,0.4328274777
10349.0000000000,0.3374247078
10350.0000000000,0.5071090935
10351.0000000000,0.3318952317
10352.0000000000,0.1298061233
10353.0000000000,0.5029947949
10354.0000000000,0.7581893759
10355.0000000000,0.7658928433
10356.0000000000,0.2015963014
10357.0000000000,0.3625529611
10358.0000000000,0.2431746042
10359.0000000000,0.1703062345
10360.0000000000,0.1655009289
10361.0000000000,0.1941353528
10362.0000000000,0.2124086098
10363.0000000000,0.3460191392
10364.0000000000,0.1709028807
10365.0000000000,0.3280253971
10366.0000000000,0.4051381620
10367.0000000000,0.3796180573
10368.0000000000,0.2303165888
10369.0000000000,0.4991217142
10370.0000000000,0.4622060022
10371.0000000000,0.1424710882
10372.0000000000,0.1324220053
10373.0000000000,0.1329563475
10374.0000000000,0.1081747222
10375.0000000000,0.5332368650
10376.0000000000,0.2285643988
10377.0000000000,0.2150975237
10378.0000000000,0.3138451345
10379.0000000000,0.0888314942
10380.0000000000,0.7140649684
10381.0000000000,0.2079475458
10382.0000000000,0.3686821387
10383.0000000000,0.4091850857
10384.0000000000,0.0976089709
10385.0000000000,0.5272518561
10386.0000000000,0.4617348171
10387.0000000000,0.1844228904
10388.0000000000,0.1102512874
10389.0000000000,0.2601480329
10390.0000000000,0.3519336243
10391.0000000000,0.6381507437
10392.0000000000,0.1022444186
10393.0000000000,0.2802184626
10394.0000000000,0.6267865043
10395.0000000000,0.2001214460
10396.0000000000,0.1591641281
10397.0000000000,0.2732323359
10398.0000000000,0.2776067639
10399.0000000000,0.0643056062
10400.0000000000,0.1403263888
10401.0000000000,0.0797875687
10402.0000000000,0.4623749447
10403.0000000000,0.4262410270
10404.0000000000,0.0714366522
10405.0000000000,0.1547064120
10406.0000000000,0.0411493519
10407.0000000000,0.4777501057
10408.0000000000,0.2212594404
10409.0000000000,0.1476758484
10410.0000000000,0.7768585653
10411.0000000000,0.7998317683
10412.0000000000,0.4139108052
10413.0000000000,0.3575231606
10414.0000000000,0.1791122104
10415.0000000000,0.2904906270
10416.0000000000,0.3988728276
10417.0000000000,0.3496186122
10418.0000000000,0.3580689671
10419.0000000000,0.2338376352
10420.0000000000,0.8869226906
10421.0000000000,0.1614573283
10422.0000000000,0.1948599521
10423.0000000000,0.2354519148
10424.0000000000,0.1845125361
10425.0000000000,0.3460669380
10426.0000000000,0.2840318548
10427.0000000000,0.3609337858
10428.0000000000,0.0582385109
10429.0000000000,0.4294300757
10430.0000000000,0.4333949373
10431.0000000000,0.5064257578
10432.0000000000,0.2793205946
10433.0000000000,0.3180494845
10434.0000000000,0.2226450711
10435.0000000000,0.1092883161
10436.0000000000,0.6075844731
10437.0000000000,0.0960416563
10438.0000000000,0.4973845755
10439.0000000000,0.1013888798
10440.0000000000,0.5678503315
10441.0000000000,0.3542926308
10442.0000000000,0.3145880501
10443.0000000000,0.2510782606
10444.0000000000,0.2161655927
10445.0000000000,0.2491996044
10446.0000000000,0.1978946712
10447.0000000000,0.0586018721
10448.0000000000,0.0800236757
10449.0000000000,0.4772645720
10450.0000000000,0.5737506118
10451.0000000000,0.0807364432
10452.0000000000,0.1802887351
10453.0000000000,0.1612058281
10454.0000000000,0.0681975935
10455.0000000000,0.2630937812
10456.0000000000,0.1513299744
10457.0000000000,0.4073117898
10458.0000000000,0.6478540532
10459.0000000000,0.4325174803
10460.0000000000,0.5450190791
10461.0000000000,0.0789278676
10462.0000000000,0.0580931656
10463.0000000000,0.4118585198
10464.0000000000,0.3641251854
10465.0000000000,0.3431726471
10466.0000000000,0.3999823124
10467.0000000000,0.1276550964
10468.0000000000,0.2088087227
10469.0000000000,0.0696378456
10470.0000000000,0.2154132018
10471.0000000000,0.2391446536
10472.0000000000,0.1997863483
10473.0000000000,0.6804039563
10474.0000000000,0.1769874136
10475.0000000000,0.1413083363
10476.0000000000,0.0982812345
10477.0000000000,0.3532725164
10478.0000000000,0.6316673281
10479.0000000000,0.1221802104
10480.0000000000,0.3809675008
10481.0000000000,0.1807655730
10482.0000000000,0.1448812605
10483.0000000000,0.1825608712
10484.0000000000,0.2352455930
10485.0000000000,0.3299431875
10486.0000000000,0.4387522402
10487.0000000000,0.2078575820
10488.0000000000,0.6306558978
10489.0000000000,0.4730786403
10490.0000000000,0.0829002283
10491.0000000000,0.3651184316
10492.0000000000,0.2188143039
10493.0000000000,0.7175047451
10494.0000000000,0.6036669852
10495.0000000000,0.3224958808
10496.0000000000,0.3112939003
10497.0000000000,0.5314361915
10498.0000000000,0.1498456222
10499.0000000000,0.4568556569
10500.0000000000,0.1751857726
10501.0000000000,0.6978919816
10502.0000000000,0.5470204540
10503.0000000000,0.5060883307
10504.0000000000,0.4968604324
10505.0000000000,0.3526661039
10506.0000000000,0.2271871915
10507.0000000000,0.2595820067
10508.0000000000,0.0969209699
10509.0000000000,0.5045591509
10510.0000000000,0.3239395205
10511.0000000000,0.1502605234
10512.0000000000,0.4592348055
10513.0000000000,0.2991158212
10514.0000000000,0.3916848981
10515.0000000000,0.2914541445
10516.0000000000,0.2663079981
10517.0000000000,0.3646206393
10518.0000000000,0.0858201573
10519.0000000000,0.0427876284
10520.0000000000,0.1471390018
10521.0000000000,0.1236512324
10522.0000000000,0.0708016718
10523.0000000000,0.0448144543
10524.0000000000,0.3311703009
10525.0000000000,0.3738935350
10526.0000000000,0.1863838521
10527.0000000000,0.1177050269
10528.0000000000,0.5530418739
10529.0000000000,0.7032416362
10530.0000000000,0.2155128225
10531.0000000000,0.0816263626
10532.0000000000,0.2989358909
10533.0000000000,0.1832908655
10534.0000000000,0.5041053440
10535.0000000000,0.1351987181
10536.0000000000,0.1087886288
10537.0000000000,0.1182671082
10538.0000000000,0.2127148577
10539.0000000000,0.2185734091
10540.0000000000,0.1805933857
10541.0000000000,0.2293557881
10542.0000000000,0.2012373593
10543.0000000000,0.2709950219
10544.0000000000,0.1079975211
10545.0000000000,0.7096433810
10546.0000000000,0.0865550514
10547.0000000000,0.0891083154
10548.0000000000,0.3165322966
10549.0000000000,0.0934761941
10550.0000000000,0.6915615060
10551.0000000000,0.3892537062
10552.0000000000,0.2484114065
10553.0000000000,0.4068000020
10554.0000000000,0.1661786474
10555.0000000000,0.4512513984
10556.0000000000,0.1537798875
10557.0000000000,0.5395821240
10558.0000000000,0.1408741406
10559.0000000000,0.1557817955
10560.0000000000,0.1568028353
10561.0000000000,0.2316190759
10562.0000000000,0.2663813379
10563.0000000000,0.6031582098
10564.0000000000,0.3300096988
10565.0000000000,0.4217416706
10566.0000000000,0.0721008964
10567.0000000000,0.1664244443
10568.0000000000,0.4799639389
10569.0000000000,0.5691807985
10570.0000000000,0.8713842086
10571.0000000000,0.4267732083
10572.0000000000,0.7161861919
10573.0000000000,0.1716903539
10574.0000000000,0.0830110997
10575.0000000000,0.2151549069
10576.0000000000,0.1161783241
10577.0000000000,0.4275530536
10578.0000000000,0.2542260196
10579.0000000000,0.1909495088
10580.0000000000,0.5868107325
10581.0000000000,0.2799423551
10582.0000000000,0.2056213764
10583.0000000000,0.1850481051
10584.0000000000,0.2107232007
10585.0000000000,0.1581069826
10586.0000000000,0.4630851061
10587.0000000000,0.1681753844
10588.0000000000,0.3201458442
10589.0000000000,0.3165975788
10590.0000000000,0.0745301060
10591.0000000000,0.3663168903
10592.0000000000,0.1561873049
10593.0000000000,0.3848615643
10594.0000000000,0.2593807060
10595.0000000000,0.0493808234
10596.0000000000,0.3155341343
10597.0000000000,0.4153607674
10598.0000000000,0.1494118018
10599.0000000000,0.3613774217
10600.0000000000,0.5736463739
10601.0000000000,0.0624351822
10602.0000000000,0.4330202780
10603.0000000000,0.1301216847
10604.0000000000,0.0436490860
10605.0000000000,0.1038331514
10606.0000000000,0.5316268734
10607.0000000000,0.4558063660
10608.0000000000,0.1252626668
10609.0000000000,0.3629214086
10610.0000000000,0.5244088413
10611.0000000000,0.2193612897
10612.0000000000,0.1242834625
10613.0000000000,0.3378533068
10614.0000000000,0.3844374667
10615.0000000000,0.2297412040
10616.0000000000,0.5038652135
10617.0000000000,0.3047794991
10618.0000000000,0.1748782899
10619.0000000000,0.5133666379
10620.0000000000,0.1689137973
10621.0000000000,0.2380533171
10622.0000000000,0.5168205181
10623.0000000000,0.4655543218
10624.0000000000,0.3495987511
10625.0000000000,0.7141808361
10626.0000000000,0.5108847730
10627.0000000000,0.1629529532
10628.0000000000,0.2787096991
10629.0000000000,0.1970101438
10630.0000000000,0.1835416383
10631.0000000000,0.6304204499
10632.0000000000,0.1074426164
10633.0000000000,0.3557777850
10634.0000000000,0.3487234693
10635.0000000000,0.0510118500
10636.0000000000,0.1326728978
10637.0000000000,0.3594364696
10638.0000000000,0.0758618466
10639.0000000000,0.3960736988
10640.0000000000,0.1500240625
10641.0000000000,0.3257929982
10642.0000000000,0.2288915195
10643.0000000000,0.2287993720
10644.0000000000,0.1189062541
10645.0000000000,0.1704979669
10646.0000000000,0.5769707959
10647.0000000000,0.1658490411
10648.0000000000,0.2834460238
10649.0000000000,0.0594357511
10650.0000000000,0.3763425137
10651.0000000000,0.1677195173
10652.0000000000,0.5470566540
10653.0000000000,0.0767270781
10654.0000000000,0.3107085238
10655.0000000000,0.0879383263
10656.0000000000,0.4235186712
10657.0000000000,0.4742839311
10658.0000000000,0.4117625580
10659.0000000000,0.1647471627
10660.0000000000,0.2480393114
10661.0000000000,0.3840783671
10662.0000000000,0.3335043283
10663.0000000000,0.1741298789
10664.0000000000,0.5071419651
10665.0000000000,0.6466349074
10666.0000000000,0.2240607357
10667.0000000000,0.0398947322
10668.0000000000,0.6608603219
10669.0000000000,0.3914247058
10670.0000000000,0.1747629312
10671.0000000000,0.2084585493
10672.0000000000,0.3451118561
10673.0000000000,0.2948197442
10674.0000000000,0.0675824492
10675.0000000000,0.1608954276
10676.0000000000,0.5219675740
10677.0000000000,0.3594152360
10678.0000000000,0.6050484152
10679.0000000000,0.5214725466
10680.0000000000,0.2202823886
10681.0000000000,0.3144066720
10682.0000000000,0.4510004357
10683.0000000000,0.0821631831
10684.0000000000,0.7395651354
10685.0000000000,0.4761690960
10686.0000000000,0.4936947467
10687.0000000000,0.1148537117
10688.0000000000,0.1611034635
10689.0000000000,0.0923741137
10690.0000000000,0.2330443750
10691.0000000000,0.3470729161
10692.0000000000,0.0552998527
10693.0000000000,0.0874395767
10694.0000000000,0.5613650326
10695.0000000000,0.7666377385
10696.0000000000,0.4270288771
10697.0000000000,0.3963531321
10698.0000000000,0.1552277012
10699.0000000000,0.3173194423
10700.0000000000,0.6115628118
10701.0000000000,0.1685482822
10702.0000000000,0.2799207014
10703.0000000000,0.5486818116
10704.0000000000,0.1691595312
10705.0000000000,0.1961807147
10706.0000000000,0.1768596561
10707.0000000000,0.0856867031
10708.0000000000,0.2471367119
10709.0000000000,0.2768346493
10710.0000000000,0.4961218968
10711.0000000000,0.1696025069
10712.0000000000,0.5995511758
10713.0000000000,0.1530382175
10714.0000000000,0.0715640989
10715.0000000000,0.0707275634
10716.0000000000,0.1901402822
10717.0000000000,0.2224283425
10718.0000000000,0.5850367490
10719.0000000000,0.4361844643
10720.0000000000,0.7957087214
10721.0000000000,0.1949380131
10722.0000000000,0.4260463507
10723.0000000000,0.1667811442
10724.0000000000,0.4637854390
10725.0000000000,0.2254561395
10726.0000000000,0.7234544874
10727.0000000000,0.6725362354
10728.0000000000,0.1762827556
10729.0000000000,0.1363710782
10730.0000000000,0.1770388188
10731.0000000000,0.1916746630
10732.0000000000,0.0676990005
10733.0000000000,0.4706102597
10734.0000000000,0.4746526074
10735.0000000000,0.4604640066
10736.0000000000,0.2405749346
10737.0000000000,0.2514800744
10738.0000000000,0.4849917283
10739.0000000000,0.3740559363
10740.0000000000,0.2052924510
10741.0000000000,0.3963429929
10742.0000000000,0.2270974053
10743.0000000000,0.4355045624
10744.0000000000,0.1310591544
10745.0000000000,0.3215240780
10746.0000000000,0.5402128424
10747.0000000000,0.3125987690
10748.0000000000,0.3379161516
10749.0000000000,0.3101519358
10750.0000000000,0.7029807412
10751.0000000000,0.3635879987
10752.0000000000,0.2554164983
10753.0000000000,0.3083569497
10754.0000000000,0.0828642173
10755.0000000000,0.4365699100
10756.0000000000,0.3019420880
10757.0000000000,0.5000057255
10758.0000000000,0.4819220885
10759.0000000000,0.2216532313
10760.0000000000,0.5351113719
10761.0000000000,0.1710414222
10762.0000000000,0.3671825806
10763.0000000000,0.1029280268
10764.0000000000,0.1286099466
10765.0000000000,0.1963127314
10766.0000000000,0.1567595676
10767.0000000000,0.4687121130
10768.0000000000,0.0811091192
10769.0000000000,0.3852374391
10770.0000000000,0.1430615005
10771.0000000000,0.1594437279
10772.0000000000,0.4358733016
10773.0000000000,0.3296424212
10774.0000000000,0.0969018366
10775.0000000000,0.2553390319
10776.0000000000,0.4974542859
10777.0000000000,0.0993846213
10778.0000000000,0.0344336447
10779.0000000000,0.0930036713
10780.0000000000,0.2266635025
10781.0000000000,0.2967316455
10782.0000000000,0.0430871679
10783.0000000000,0.1103274240
10784.0000000000,0.3589125145
10785.0000000000,0.7642336058
10786.0000000000,0.4750959470
10787.0000000000,0.2573802667
10788.0000000000,0.1987591603
10789.0000000000,0.4271185810
10790.0000000000,0.5031555053
10791.0000000000,0.6221599678
10792.0000000000,0.0942165629
10793.0000000000,0.1080298752
10794.0000000000,0.3378215363
10795.0000000000,0.1386856287
10796.0000000000,0.2083350179
10797.0000000000,0.1016760854
10798.0000000000,0.3371541519
10799.0000000000,0.2874288474
10800.0000000000,0.1135087633
10801.0000000000,0.0511013770
10802.0000000000,0.4372475242
10803.0000000000,0.2189492393
10804.0000000000,0.1366194867
10805.0000000000,0.1130429796
10806.0000000000,0.4541723143
10807.0000000000,0.2028512586
10808.0000000000,0.2291373293
10809.0000000000,0.0876024827
10810.0000000000,0.3199877811
10811.0000000000,0.8206548538
10812.0000000000,0.1631635546
10813.0000000000,0.2037414978
10814.0000000000,0.1365840435
10815.0000000000,0.3399886479
10816.0000000000,0.3983505577
10817.0000000000,0.2513896119
10818.0000000000,0.1714439818
10819.0000000000,0.3114072596
10820.0000000000,0.3518996784
10821.0000000000,0.0789039757
10822.0000000000,0.2048442043
10823.0000000000,0.1290763861
10824.0000000000,0.1636595958
10825.0000000000,0.1590517233
10826.0000000000,0.3512066386
10827.0000000000,0.1660710902
10828.0000000000,0.2318592175
10829.0000000000,0.6085894083
10830.0000000000,0.2567724726
10831.0000000000,0.5558173158
10832.0000000000,0.2665860397
10833.0000000000,0.5451489905
10834.0000000000,0.1794076368
10835.0000000000,0.5559206683
10836.0000000000,0.1940968855
10837.0000000000,0.3842566846
10838.0000000000,0.3393135260
10839.0000000000,0.0882481321
10840.0000000000,0.3546051728
10841.0000000000,0.8572374319
10842.0000000000,0.1105526878
10843.0000000000,0.1795978505
10844.0000000000,0.5955033876
10845.0000000000,0.4146106387
10846.0000000000,0.2765414728
10847.0000000000,0.3320355823
10848.0000000000,0.3778716680
10849.0000000000,0.3371580817
10850.0000000000,0.2142936781
10851.0000000000,0.3692940308
10852.0000000000,0.3241667456
10853.0000000000,0.1164471071
10854.0000000000,0.2735449267
10855.0000000000,0.2086960718
10856.0000000000,0.2228898713
10857.0000000000,0.2676968884
10858.0000000000,0.2267100679
10859.0000000000,0.2314685587
10860.0000000000,0.1389438641
10861.0000000000,0.0564618588
10862.0000000000,0.1416920826
10863.0000000000,0.3215214482
10864.0000000000,0.2191154721
10865.0000000000,0.1120244934
10866.0000000000,0.4084006851
10867.0000000000,0.3115923913
10868.0000000000,0.6973536443
10869.0000000000,0.4895817187
10870.0000000000,0.5376424976
10871.0000000000,0.3109024826
10872.0000000000,0.1178226020
10873.0000000000,0.1771861778
10874.0000000000,0.3278274352
10875.0000000000,0.1651315489
10876.0000000000,0.1083679332
10877.0000000000,0.6138156828
10878.0000000000,0.3023714435
10879.0000000000,0.6054609545
10880.0000000000,0.3383459958
10881.0000000000,0.2865402511
10882.0000000000,0.3238896913
10883.0000000000,0.1733696197
10884.0000000000,0.4725879129
10885.0000000000,0.1154235636
10886.0000000000,0.0867627076
10887.0000000000,0.0307859026
10888.0000000000,0.3986824801
10889.0000000000,0.2564677578
10890.0000000000,0.3871918375
10891.0000000000,0.0837003803
10892.0000000000,0.5316559539
10893.0000000000,0.1854060773
10894.0000000000,0.4171093614
10895.0000000000,0.2321662647
10896.0000000000,0.2109636878
10897.0000000000,0.5880575485
10898.0000000000,0.1059452273
10899.0000000000,0.4023267817
10900.0000000000,0.0699864846
10901.0000000000,0.0832647317
10902.0000000000,0.2206564577
10903.0000000000,0.3005429651
10904.0000000000,0.3799752154
10905.0000000000,0.1036138983
10906.0000000000,0.5675404538
10907.0000000000,0.2182412014
10908.0000000000,0.1143582157
10909.0000000000,0.3558989578
10910.0000000000,0.0911178535
10911.0000000000,0.3725243934
10912.0000000000,0.3723488394
10913.0000000000,0.3387495875
10914.0000000000,0.2331704070
10915.0000000000,0.4702921856
10916.0000000000,0.4676689289
10917.0000000000,0.5103842916
10918.0000000000,0.6567940656
10919.0000000000,0.3452809146
10920.0000000000,0.7275232126
10921.0000000000,0.1767776971
10922.0000000000,0.6753160084
10923.0000000000,0.3004759781
10924.0000000000,0.3402126264
10925.0000000000,0.6570681440
10926.0000000000,0.1266857454
10927.0000000000,0.2138171287
10928.0000000000,0.2611923913
10929.0000000000,0.6557883882
10930.0000000000,0.0732604670
10931.0000000000,0.4747609523
10932.0000000000,0.1487154171
10933.0000000000,0.1331472973
10934.0000000000,0.2445565841
10935.0000000000,0.4917197608
10936.0000000000,0.0626838132
10937.0000000000,0.1748261813
10938.0000000000,0.3847870944
10939.0000000000,0.2263282680
10940.0000000000,0.1994200736
10941.0000000000,0.0647459736
10942.0000000000,0.1297444280
10943.0000000000,0.3907621306
10944.0000000000,0.4165178002
10945.0000000000,0.2025309266
10946.0000000000,0.5331728115
10947.0000000000,0.6000051460
10948.0000000000,0.1180998446
10949.0000000000,0.5819616392
10950.0000000000,0.3152578937
10951.0000000000,0.2095126192
10952.0000000000,0.3386975555
10953.0000000000,0.1900579432
10954.0000000000,0.3228585497
10955.0000000000,0.3314342424
10956.0000000000,0.1765996736
10957.0000000000,0.4313369509
10958.0000000000,0.0917769261
10959.0000000000,0.7079702614
10960.0000000000,0.1640269554
10961.0000000000,0.1828751867
10962.0000000000,0.4186837028
10963.0000000000,0.4306330802
10964.0000000000,0.5538453837
10965.0000000000,0.1942606718
10966.0000000000,0.1366033146
10967.0000000000,0.2673525869
10968.0000000000,0.2185866280
10969.0000000000,0.0648644280
10970.0000000000,0.2900760770
10971.0000000000,0.2250776025
10972.0000000000,0.4097894751
10973.0000000000,0.1572862964
10974.0000000000,0.4057522933
10975.0000000000,0.2936145075
10976.0000000000,0.0535081900
10977.0000000000,0.3653830109
10978.0000000000,0.1135503302
10979.0000000000,0.1699830894
10980.0000000000,0.0983801215
10981.0000000000,0.0884863027
10982.0000000000,0.2585957951
10983.0000000000,0.3242668830
10984.0000000000,0.2489305281
10985.0000000000,0.3773674676
10986.0000000000,0.0829845600
10987.0000000000,0.3211616626
10988.0000000000,0.2938498862
10989.0000000000,0.4677168240
10990.0000000000,0.4089557061
10991.0000000000,0.1263491440
10992.0000000000,0.1063169331
10993.0000000000,0.5966397343
10994.0000000000,0.1618064088
10995.0000000000,0.4915834066
10996.0000000000,0.3157681928
10997.0000000000,0.2764002152
10998.0000000000,0.0840700201
10999.0000000000,0.3429512994
11000.0000000000,0.2961749114
11001.0000000000,0.4736432323
11002.0000000000,0.2385405498
11003.0000000000,0.1594627221
11004.0000000000,0.2181834857
11005.0000000000,0.3238447845
11006.0000000000,0.4932928534
11007.0000000000,0.4435772647
11008.0000000000,0.2594372133
11009.0000000000,0.3997903041
11010.0000000000,0.2756487366
11011.0000000000,0.5358173972
11012.0000000000,0.1170242769
11013.0000000000,0.4274644762
11014.0000000000,0.1737317973
11015.0000000000,0.3015233633
11016.0000000000,0.0890344668
11017.0000000000,0.1697603453
11018.0000000000,0.4190285314
11019.0000000000,0.1493150088
11020.0000000000,0.1706693619
11021.0000000000,0.2849607913
11022.0000000000,0.1234816654
11023.0000000000,0.2871151780
11024.0000000000,0.3879119722
11025.0000000000,0.8730194332
11026.0000000000,0.6343949865
11027.0000000000,0.2547828055
11028.0000000000,0.2167037273
11029.0000000000,0.3877978162
11030.0000000000,0.1806213140
11031.0000000000,0.2437934609
11032.0000000000,0.0949881757
11033.0000000000,0.3893083934
11034.0000000000,0.1880424957
11035.0000000000,0.0700805986
11036.0000000000,0.1760665484
11037.0000000000,0.2551200227
11038.0000000000,0.1535530184
11039.0000000000,0.3455189177
11040.0000000000,0.1191287076
11041.0000000000,0.3050996866
11042.0000000000,0.1786708110
11043.0000000000,0.6052178210
11044.0000000000,0.2104962201
11045.0000000000,0.2471617443
11046.0000000000,0.4864894405
11047.0000000000,0.1519829636
11048.0000000000,0.3025863189
11049.0000000000,0.1214757190
11050.0000000000,0.2319158705
11051.0000000000,0.4318984051
11052.0000000000,0.1300045708
11053.0000000000,0.4820973542
11054.0000000000,0.2885971797
11055.0000000000,0.1400851058
11056.0000000000,0.0927798660
11057.0000000000,0.1237813795
11058.0000000000,0.6591489015
11059.0000000000,0.4548133840
11060.0000000000,0.3200461205
11061.0000000000,0.2920856158
11062.0000000000,0.4394604932
11063.0000000000,0.0297567320
11064.0000000000,0.1467369740
11065.0000000000,0.0901897825
11066.0000000000,0.2223196123
11067.0000000000,0.0816687329
11068.0000000000,0.2477047411
11069.0000000000,0.6305113511
11070.0000000000,0.4355717721
11071.0000000000,0.0753608796
11072.0000000000,0.1267373490
11073.0000000000,0.2556900693
11074.0000000000,0.1277263470
11075.0000000000,0.4472830424
11076.0000000000,0.1547307246
11077.0000000000,0.0716481322
11078.0000000000,0.0676801324
11079.0000000000,0.3242768009
11080.0000000000,0.2149168238
11081.0000000000,0.4951562699
11082.0000000000,0.4487767445
11083.0000000000,0.1729664003
11084.0000000000,0.2220254388
11085.0000000000,0.0771594350
11086.0000000000,0.0929015903
11087.0000000000,0.1145403443
11088.0000000000,0.2993055472
11089.0000000000,0.1711523340
11090.0000000000,0.3077952654
11091.0000000000,0.2203017290
11092.0000000000,0.2814398034
11093.0000000000,0.4717782010
11094.0000000000,0.0674335212
11095.0000000000,0.1761279106
11096.0000000000,0.2068990361
11097.0000000000,0.1220248928
11098.0000000000,0.0871847781
11099.0000000000,0.1801055352
11100.0000000000,0.1746339125
11101.0000000000,0.0760915047
11102.0000000000,0.3688022693
11103.0000000000,0.4759813306
11104.0000000000,0.2932107844
11105.0000000000,0.4728383636
11106.0000000000,0.2031834617
11107.0000000000,0.3058229137
11108.0000000000,0.4723178539
11109.0000000000,0.1720557265
11110.0000000000,0.2201447311
11111.0000000000,0.1741356569
11112.0000000000,0.7175621804
11113.0000000000,0.6298115430
11114.0000000000,0.1033828107
11115.0000000000,0.1775880401
11116.0000000000,0.3244080694
11117.0000000000,0.3747982947
11118.0000000000,0.6755154947
11119.0000000000,0.1262920652
11120.0000000000,0.1533626790
11121.0000000000,0.6394440200
11122.0000000000,0.0701765404
11123.0000000000,0.4011091526
11124.0000000000,0.6496368455
11125.0000000000,0.4839065397
11126.0000000000,0.1309768492
11127.0000000000,0.4510039494
11128.0000000000,0.2002077375
11129.0000000000,0.1049336301
11130.0000000000,0.2488736807
11131.0000000000,0.5714085164
11132.0000000000,0.2233042808
11133.0000000000,0.1310612410
11134.0000000000,0.4887531769
11135.0000000000,0.4683918693
11136.0000000000,0.0924141606
11137.0000000000,0.2343739032
11138.0000000000,0.3423664724
11139.0000000000,0.1842352781
11140.0000000000,0.1238804006
11141.0000000000,0.1387044353
11142.0000000000,0.0992296274
11143.0000000000,0.5466383895
11144.0000000000,0.3270393660
11145.0000000000,0.5029772851
11146.0000000000,0.3328488226
11147.0000000000,0.2571733281
11148.0000000000,0.4263460083
11149.0000000000,0.1670927581
11150.0000000000,0.6502030683
11151.0000000000,0.5406319169
11152.0000000000,0.1152884261
11153.0000000000,0.2787606224
11154.0000000000,0.3637800127
11155.0000000000,0.2067305063
11156.0000000000,0.2700499802
11157.0000000000,0.5093814463
11158.0000000000,0.2154081001
11159.0000000000,0.1229301140
11160.0000000000,0.3858662986
11161.0000000000,0.1121159782
11162.0000000000,0.6009895259
11163.0000000000,0.3527945969
11164.0000000000,0.1788351411
11165.0000000000,0.3664529391
11166.0000000000,0.7250744429
11167.0000000000,0.3396568388
11168.0000000000,0.1206950997
11169.0000000000,0.2414135335
11170.0000000000,0.1520817767
11171.0000000000,0.2295005654
11172.0000000000,0.2272098041
11173.0000000000,0.0713810600
11174.0000000000,0.4175986232
11175.0000000000,0.1337653577
11176.0000000000,0.4484187489
11177.0000000000,0.2225402269
11178.0000000000,0.1419484401
11179.0000000000,0.2954226764
11180.0000000000,0.5697322195
11181.0000000000,0.5524277724
11182.0000000000,0.0711954842
11183.0000000000,0.2567211520
11184.0000000000,0.2766511505
11185.0000000000,0.2500960707
11186.0000000000,0.1408068623
11187.0000000000,0.1047346719
11188.0000000000,0.2327827278
11189.0000000000,0.2573617173
11190.0000000000,0.5197344952
11191.0000000000,0.3693555753
11192.0000000000,0.7419894199
11193.0000000000,0.0562366645
11194.0000000000,0.1190421134
11195.0000000000,0.5258046732
11196.0000000000,0.1147750316
11197.0000000000,0.2221061332
11198.0000000000,0.4831743333
11199.0000000000,0.1480462541
11200.0000000000,0.2444287955
11201.0000000000,0.2519963753
11202.0000000000,0.1823375288
11203.0000000000,0.2532677745
11204.0000000000,0.2230748223
11205.0000000000,0.4469647442
11206.0000000000,0.2788220929
11207.0000000000,0.0570330508
11208.0000000000,0.1274013474
11209.0000000000,0.4353100063
11210.0000000000,0.2483793202
11211.0000000000,0.4841867178
11212.0000000000,0.4431205270
11213.0000000000,0.4707841792
11214.0000000000,0.4529534893
11215.0000000000,0.1827239417
11216.0000000000,0.2372530541
11217.0000000000,0.0404622235
11218.0000000000,0.3228395438
11219.0000000000,0.1037443689
11220.0000000000,0.0956375321
11221.0000000000,0.1388190187
11222.0000000000,0.1303942791
11223.0000000000,0.5869324060
11224.0000000000,0.1569035390
11225.0000000000,0.1017162691
11226.0000000000,0.2453376124
11227.0000000000,0.3490787328
11228.0000000000,0.2539458027
11229.0000000000,0.7551244348
11230.0000000000,0.0827616687
11231.0000000000,0.5914563559
11232.0000000000,0.1301025982
11233.0000000000,0.2040291873
11234.0000000000,0.0792052129
11235.0000000000,0.0550852160
11236.0000000000,0.2790638141
11237.0000000000,0.5411532804
11238.0000000000,0.2387439060
11239.0000000000,0.4093412766
11240.0000000000,0.1599281837
11241.0000000000,0.2990054512
11242.0000000000,0.4941007358
11243.0000000000,0.2298587527
11244.0000000000,0.4969445707
11245.0000000000,0.0501289982
11246.0000000000,0.3909643711
11247.0000000000,0.2918574228
11248.0000000000,0.3720877565
11249.0000000000,0.5782203237
11250.0000000000,0.6678720004
11251.0000000000,0.1135764609
11252.0000000000,0.5095119196
11253.0000000000,0.2525276091
11254.0000000000,0.6612025234
11255.0000000000,0.1343730602
11256.0000000000,0.4291787514
11257.0000000000,0.3708448536
11258.0000000000,0.2463406339
11259.0000000000,0.4613770804
11260.0000000000,0.4381240482
11261.0000000000,0.4913047676
11262.0000000000,0.2980112254
11263.0000000000,0.4040959949
11264.0000000000,0.0152395917
11265.0000000000,0.0961334258
11266.0000000000,0.1021118868
11267.0000000000,0.2794452374
11268.0000000000,0.3064455287
11269.0000000000,0.0512294090
11270.0000000000,0.1765174189
11271.0000000000,0.1260504069
11272.0000000000,0.7729835363
11273.0000000000,0.2212960026
11274.0000000000,0.8665941523
11275.0000000000,0.3518384815
11276.0000000000,0.2371625178
11277.0000000000,0.1621796420
11278.0000000000,0.1701796476
11279.0000000000,0.1526866758
11280.0000000000,0.1734986655
11281.0000000000,0.1161496536
11282.0000000000,0.4758609464
11283.0000000000,0.0616906767
11284.0000000000,0.1645274655
11285.0000000000,0.2239606213
11286.0000000000,0.5424704901
11287.0000000000,0.0411567440
11288.0000000000,0.2115692745
11289.0000000000,0.3106176553
11290.0000000000,0.1140208507
11291.0000000000,0.4385094250
11292.0000000000,0.5110093274
11293.0000000000,0.2215877969
11294.0000000000,0.0678546991
11295.0000000000,0.1293429925
11296.0000000000,0.3806273558
11297.0000000000,0.2048628647
11298.0000000000,0.3612036280
11299.0000000000,0.1793687505
11300.0000000000,0.2881242873
11301.0000000000,0.0824705447
11302.0000000000,0.1900205713
11303.0000000000,0.1524633625
11304.0000000000,0.3009700460
11305.0000000000,0.7740501401
11306.0000000000,0.2262173539
11307.0000000000,0.0642028343
11308.0000000000,0.0961447303
11309.0000000000,0.5826719534
11310.0000000000,0.2562504706
11311.0000000000,0.2744600905
11312.0000000000,0.5540568982
11313.0000000000,0.0812171684
11314.0000000000,0.2652416892
11315.0000000000,0.2797629322
11316.0000000000,0.6095721702
11317.0000000000,0.0618176713
11318.0000000000,0.0783154995
11319.0000000000,0.4775386400
11320.0000000000,0.4510815298
11321.0000000000,0.4086483174
11322.0000000000,0.2537557129
11323.0000000000,0.0577908783
11324.0000000000,0.1704071636
11325.0000000000,0.1301506211
11326.0000000000,0.1424100301
11327.0000000000,0.2186089549
11328.0000000000,0.5682130589
11329.0000000000,0.7348012316
11330.0000000000,0.1244458896
11331.0000000000,0.1272993386
11332.0000000000,0.2217323027
11333.0000000000,0.3880366400
11334.0000000000,0.1653506601
11335.0000000000,0.2622457538
11336.0000000000,0.3567254274
11337.0000000000,0.1170472721
11338.0000000000,0.1377960842
11339.0000000000,0.1497843892
11340.0000000000,0.4274234383
11341.0000000000,0.3229330270
11342.0000000000,0.4072774834
11343.0000000000,0.2976525174
11344.0000000000,0.2205962182
11345.0000000000,0.2674955844
11346.0000000000,0.9223521153
11347.0000000000,0.2760333124
11348.0000000000,0.1406159527
11349.0000000000,0.6236423156
11350.0000000000,0.1464041830
11351.0000000000,0.6090287580
11352.0000000000,0.2318055179
11353.0000000000,0.2892153208
11354.0000000000,0.2338339719
11355.0000000000,0.2963557213
11356.0000000000,0.0676502826
11357.0000000000,0.2551576565
11358.0000000000,0.2223956897
11359.0000000000,0.2369575993
11360.0000000000,0.2617960255
11361.0000000000,0.1142945074
11362.0000000000,0.8115905009
11363.0000000000,0.0545964786
11364.0000000000,0.0766781478
11365.0000000000,0.0768452385
11366.0000000000,0.3522917269
11367.0000000000,0.1523377194
11368.0000000000,0.1009221974
11369.0000000000,0.3558869015
11370.0000000000,0.1744093269
11371.0000000000,0.5308556582
11372.0000000000,0.1070143693
11373.0000000000,0.4406051409
11374.0000000000,0.5638835307
11375.0000000000,0.1315095650
11376.0000000000,0.4801771019
11377.0000000000,0.5991204364
11378.0000000000,0.3228496723
11379.0000000000,0.3680789118
11380.0000000000,0.4809653728
11381.0000000000,0.3792757274
11382.0000000000,0.4662686651
11383.0000000000,0.1961254278
11384.0000000000,0.0393181287
11385.0000000000,0.0743191623
11386.0000000000,0.2341039446
11387.0000000000,0.1360372095
11388.0000000000,0.3152687188
11389.0000000000,0.4611001375
11390.0000000000,0.6653114604
11391.0000000000,0.1601877318
11392.0000000000,0.1317955772
11393.0000000000,0.3524498603
11394.0000000000,0.1157534536
11395.0000000000,0.2043862745
11396.0000000000,0.3158096962
11397.0000000000,0.0873639485
11398.0000000000,0.3256098723
11399.0000000000,0.1291059834
11400.0000000000,0.4478173164
11401.0000000000,0.0941029269
11402.0000000000,0.6025308833
11403.0000000000,0.0587184174
11404.0000000000,0.3519976493
11405.0000000000,0.0614621379
11406.0000000000,0.5443026277
11407.0000000000,0.2520445132
11408.0000000000,0.1410121945
11409.0000000000,0.5047664721
11410.0000000000,0.0775951304
11411.0000000000,0.0712166804
11412.0000000000,0.4579606595
11413.0000000000,0.0666837003
11414.0000000000,0.1913582802
11415.0000000000,0.1293163136
11416.0000000000,0.1118513501
11417.0000000000,0.2448359792
11418.0000000000,0.1903148863
11419.0000000000,0.3497133034
11420.0000000000,0.6156787997
11421.0000000000,0.2373788621
11422.0000000000,0.6338889520
11423.0000000000,0.4628149562
11424.0000000000,0.2418757713
11425.0000000000,0.5368666904
11426.0000000000,0.2685203580
11427.0000000000,0.0978202988
11428.0000000000,0.5173786736
11429.0000000000,0.1725076575
11430.0000000000,0.2854366687
11431.0000000000,0.2878492069
11432.0000000000,0.7126926351
11433.0000000000,0.1569948817
11434.0000000000,0.2363006655
11435.0000000000,0.2849142761
11436.0000000000,0.1971037037
11437.0000000000,0.5016134053
11438.0000000000,0.0718185564
11439.0000000000,0.3285906680
11440.0000000000,0.0446626685
11441.0000000000,0.3754102942
11442.0000000000,0.5620416759
11443.0000000000,0.1918834356
11444.0000000000,0.0599173791
11445.0000000000,0.4524454276
11446.0000000000,0.3922580501
11447.0000000000,0.2130149199
11448.0000000000,0.1543951500
11449.0000000000,0.1639623263
11450.0000000000,0.3840295542
11451.0000000000,0.4437267391
11452.0000000000,0.2910659810
11453.0000000000,0.0940452802
11454.0000000000,0.2699257598
11455.0000000000,0.2518314365
11456.0000000000,0.1926850746
11457.0000000000,0.2293346995
11458.0000000000,0.4227956254
11459.0000000000,0.6760790228
11460.0000000000,0.4247911848
11461.0000000000,0.3191734558
11462.0000000000,0.3804088259
11463.0000000000,0.2706865405
11464.0000000000,0.2587365731
11465.0000000000,0.1311271718
11466.0000000000,0.1694952864
11467.0000000000,0.3686050051
11468.0000000000,0.1577123478
11469.0000000000,0.1060688584
11470.0000000000,0.1454014233
11471.0000000000,0.3799815931
11472.0000000000,0.2513058392
11473.0000000000,0.1341060615
11474.0000000000,0.1852907594
11475.0000000000,0.1126542549
11476.0000000000,0.2842816155
11477.0000000000,0.3001551217
11478.0000000000,0.3003513377
11479.0000000000,0.1542949172
11480.0000000000,0.2817373145
11481.0000000000,0.0884600359
11482.0000000000,0.6114390891
11483.0000000000,0.0852289737
11484.0000000000,0.2390102031
11485.0000000000,0.5522005426
11486.0000000000,0.5532252159
11487.0000000000,0.2305205500
11488.0000000000,0.5673961961
11489.0000000000,0.3838756256
11490.0000000000,0.4040298916
11491.0000000000,0.0703888004
11492.0000000000,0.4183538774
11493.0000000000,0.2945097878
11494.0000000000,0.2567098154
11495.0000000000,0.1642148091
11496.0000000000,0.1455551483
11497.0000000000,0.3768684839
11498.0000000000,0.4801736490
11499.0000000000,0.0835830851
11500.0000000000,0.2302508731
11501.0000000000,0.7935327973
11502.0000000000,0.1127931978
11503.0000000000,0.7306567434
11504.0000000000,0.6199915137
11505.0000000000,0.2637490564
11506.0000000000,0.1198358194
11507.0000000000,0.1706200296
11508.0000000000,0.2582477153
11509.0000000000,0.3099357500
11510.0000000000,0.3898315793
11511.0000000000,0.1146339285
11512.0000000000,0.1100573048
11513.0000000000,0.0821214064
11514.0000000000,0.4902573463
11515.0000000000,0.0495913770
11516.0000000000,0.1562231913
11517.0000000000,0.2772655764
11518.0000000000,0.2881004911
11519.0000000000,0.2119021678
11520.0000000000,0.2627427983
11521.0000000000,0.0840293913
11522.0000000000,0.3439679414
11523.0000000000,0.2871719743
11524.0000000000,0.2108970533
11525.0000000000,0.1066488669
11526.0000000000,0.4355547522
11527.0000000000,0.2901333478
11528.0000000000,0.2361370742
11529.0000000000,0.4037386990
11530.0000000000,0.3675391675
11531.0000000000,0.3913735384
11532.0000000000,0.2776770111
11533.0000000000,0.5222494495
11534.0000000000,0.6530667117
11535.0000000000,0.1557894056
11536.0000000000,0.4343993800
11537.0000000000,0.2922447328
11538.0000000000,0.4816562477
11539.0000000000,0.0980649347
11540.0000000000,0.1687795758
11541.0000000000,0.1286372201
11542.0000000000,0.3363194154
11543.0000000000,0.4585535250
11544.0000000000,0.3608352086
11545.0000000000,0.1000664115
11546.0000000000,0.5556461254
11547.0000000000,0.6104063288
11548.0000000000,0.1795044632
11549.0000000000,0.2329814620
11550.0000000000,0.4237959771
11551.0000000000,0.8099446511
11552.0000000000,0.1427872653
11553.0000000000,0.1188670718
11554.0000000000,0.1872146686
11555.0000000000,0.2343141106
11556.0000000000,0.0298382800
11557.0000000000,0.2234365076
11558.0000000000,0.1797840892
11559.0000000000,0.1958953145
11560.0000000000,0.2065106794
11561.0000000000,0.3998280316
11562.0000000000,0.3166516904
11563.0000000000,0.2662573032
11564.0000000000,0.1470451978
11565.0000000000,0.6701567590
11566.0000000000,0.0805378696
11567.0000000000,0.1932164723
11568.0000000000,0.2029135756
11569.0000000000,0.5428376577
11570.0000000000,0.3694022309
11571.0000000000,0.1249905583
11572.0000000000,0.6732202018
11573.0000000000,0.1159026969
11574.0000000000,0.3324141450
11575.0000000000,0.4431822734
11576.0000000000,0.3952910023
11577.0000000000,0.1135580651
11578.0000000000,0.1475467959
11579.0000000000,0.3898028951
11580.0000000000,0.1434750004
11581.0000000000,0.2185898835
11582.0000000000,0.5671631312
11583.0000000000,0.3042422923
11584.0000000000,0.1775830083
11585.0000000000,0.6365068698
11586.0000000000,0.2591764531
11587.0000000000,0.3590044044
11588.0000000000,0.1408292946
11589.0000000000,0.3933300760
11590.0000000000,0.0526628630
11591.0000000000,0.7029955845
11592.0000000000,0.1065515392
11593.0000000000,0.3874481989
11594.0000000000,0.4643667940
11595.0000000000,0.2202409227
11596.0000000000,0.4421640601
11597.0000000000,0.2618557328
11598.0000000000,0.3186833241
11599.0000000000,0.2055274119
11600.0000000000,0.1750085691
11601.0000000000,0.2901860824
11602.0000000000,0.1101134716
11603.0000000000,0.3687220715
11604.0000000000,0.4759880995
11605.0000000000,0.1044062813
11606.0000000000,0.2733131507
11607.0000000000,0.2206160017
11608.0000000000,0.4085941282
11609.0000000000,0.1084736985
11610.0000000000,0.1177185849
11611.0000000000,0.2766558328
11612.0000000000,0.1211214706
11613.0000000000,0.2899474215
11614.0000000000,0.5755085600
11615.0000000000,0.2441482977
11616.0000000000,0.4926922486
11617.0000000000,0.4988579991
11618.0000000000,0.2579903836
11619.0000000000,0.1990591028
11620.0000000000,0.3038804976
11621.0000000000,0.3579455612
11622.0000000000,0.1463335424
11623.0000000000,0.0528945711
11624.0000000000,0.2222580020
11625.0000000000,0.3207770042
11626.0000000000,0.7291864054
11627.0000000000,0.1815740612
11628.0000000000,0.4278456600
11629.0000000000,0.4678697423
11630.0000000000,0.2143408133
11631.0000000000,0.2077607084
11632.0000000000,0.3434646414
11633.0000000000,0.2681025283
11634.0000000000,0.1500708921
11635.0000000000,0.1771365533
11636.0000000000,0.2963137436
11637.0000000000,0.4448817298
11638.0000000000,0.2272199968
11639.0000000000,0.1690451518
11640.0000000000,0.1876444692
11641.0000000000,0.1116369255
11642.0000000000,0.3610421193
11643.0000000000,0.0241864343
11644.0000000000,0.3505012820
11645.0000000000,0.1917452202
11646.0000000000,0.7178681427
11647.0000000000,0.5068546625
11648.0000000000,0.2433189428
11649.0000000000,0.5131160147
11650.0000000000,0.2149519416
11651.0000000000,0.6822948645
11652.0000000000,0.5048083973
11653.0000000000,0.3613869881
11654.0000000000,0.1538720811
11655.0000000000,0.2465463842
11656.0000000000,0.2573005923
11657.0000000000,0.2276412666
11658.0000000000,0.1160190319
11659.0000000000,0.1582033251
11660.0000000000,0.1894029031
11661.0000000000,0.3063518772
11662.0000000000,0.1519889025
11663.0000000000,0.2853721219
11664.0000000000,0.3000705954
11665.0000000000,0.5301084449
11666.0000000000,0.4697765068
11667.0000000000,0.1671990190
11668.0000000000,0.5002133864
11669.0000000000,0.6873253105
11670.0000000000,0.4530483153
11671.0000000000,0.1144746527
11672.0000000000,0.4518534373
11673.0000000000,0.3850139017
11674.0000000000,0.2326450632
11675.0000000000,0.2459744998
11676.0000000000,0.2993530624
11677.0000000000,0.6654891522
11678.0000000000,0.0901944639
11679.0000000000,0.2035548343
11680.0000000000,0.0786884608
11681.0000000000,0.8531620949
11682.0000000000,0.3354882828
11683.0000000000,0.0484308940
11684.0000000000,0.1349756523
11685.0000000000,0.4937213901
11686.0000000000,0.3278558134
11687.0000000000,0.1943380074
11688.0000000000,0.3216296817
11689.0000000000,0.3164916279
11690.0000000000,0.3351379211
11691.0000000000,0.4773506073
11692.0000000000,0.1993795846
11693.0000000000,0.1651529173
11694.0000000000,0.2225648031
11695.0000000000,0.1436724335
11696.0000000000,0.3152761587
11697.0000000000,0.3889794857
11698.0000000000,0.3662735978
11699.0000000000,0.3937245416
11700.0000000000,0.3251603945
11701.0000000000,0.0188994432
11702.0000000000,0.2221077232
11703.0000000000,0.3300440657
11704.0000000000,0.3778840153
11705.0000000000,0.1317889624
11706.0000000000,0.6456753702
11707.0000000000,0.4187943865
11708.0000000000,0.5129855899
11709.0000000000,0.6294604305
11710.0000000000,0.4253942190
11711.0000000000,0.3976447994
11712.0000000000,0.1275444027
11713.0000000000,0.2651937459
11714.0000000000,0.1401266430
11715.0000000000,0.1882975458
11716.0000000000,0.0718851045
11717.0000000000,0.1282847416
11718.0000000000,0.3370597985
11719.0000000000,0.0605047112
11720.0000000000,0.1591321398
11721.0000000000,0.1329362584
11722.0000000000,0.9407953385
11723.0000000000,0.5633067018
11724.0000000000,0.0885013099
11725.0000000000,0.6504188852
11726.0000000000,0.0545782303
11727.0000000000,0.8029263040
11728.0000000000,0.1534256589
11729.0000000000,0.2947844472
11730.0000000000,0.3728608921
11731.0000000000,0.1743360897
11732.0000000000,0.4092907052
11733.0000000000,0.4214475318
11734.0000000000,0.5497729444
11735.0000000000,0.2326667825
11736.0000000000,0.1913963705
11737.0000000000,0.2525237204
11738.0000000000,0.1454742137
11739.0000000000,0.1954627104
11740.0000000000,0.1915383007
11741.0000000000,0.3013795820
11742.0000000000,0.0470695575
11743.0000000000,0.2459925853
11744.0000000000,0.7771168211
11745.0000000000,0.1904362828
11746.0000000000,0.5184633575
11747.0000000000,0.1137542497
11748.0000000000,0.1492862206
11749.0000000000,0.4583335311
11750.0000000000,0.1093980550
11751.0000000000,0.2123355485
11752.0000000000,0.7621594346
11753.0000000000,0.2088827646
11754.0000000000,0.2184520624
11755.0000000000,0.2482646290
11756.0000000000,0.1697053625
11757.0000000000,0.1472953482
11758.0000000000,0.1024456243
11759.0000000000,0.1343884266
11760.0000000000,0.4466380787
11761.0000000000,0.2499737293
11762.0000000000,0.5010198294
11763.0000000000,0.0257474609
11764.0000000000,0.3557538476
11765.0000000000,0.3592466115
11766.0000000000,0.0579867077
11767.0000000000,0.3457032688
11768.0000000000,0.0844295422
11769.0000000000,0.5841281632
11770.0000000000,0.7777132506
11771.0000000000,0.0972373698
11772.0000000000,0.2254260542
11773.0000000000,0.5080649317
11774.0000000000,0.1243390400
11775.0000000000,0.8019447128
11776.0000000000,0.1297564498
11777.0000000000,0.1300096133
11778.0000000000,0.1653622823
11779.0000000000,0.5833923293
11780.0000000000,0.3977501061
11781.0000000000,0.3112255976
11782.0000000000,0.1442082072
11783.0000000000,0.1953743550
11784.0000000000,0.5247080483
11785.0000000000,0.1994166602
11786.0000000000,0.3020124436
11787.0000000000,0.2572825570
11788.0000000000,0.3693527532
11789.0000000000,0.3412937953
11790.0000000000,0.1374094790
11791.0000000000,0.7402642720
11792.0000000000,0.6485387538
11793.0000000000,0.1818860727
11794.0000000000,0.0779248779
11795.0000000000,0.5076694052
11796.0000000000,0.1396239336
11797.0000000000,0.1738997806
11798.0000000000,0.1362140060
11799.0000000000,0.1322336124
11800.0000000000,0.6314628324
11801.0000000000,0.2641016927
11802.0000000000,0.6725161880
11803.0000000000,0.2592068100
11804.0000000000,0.0956472938
11805.0000000000,0.0812676947
11806.0000000000,0.4254211701
11807.0000000000,0.2982064481
11808.0000000000,0.1438774403
11809.0000000000,0.6572674771
11810.0000000000,0.7403819912
11811.0000000000,0.0670805113
11812.0000000000,0.1430730829
11813.0000000000,0.4923436431
11814.0000000000,0.1419470909
11815.0000000000,0.2647221535
11816.0000000000,0.1693101796
11817.0000000000,0.3605271004
11818.0000000000,0.1447818307
11819.0000000000,0.3980368161
11820.0000000000,0.4015639244
11821.0000000000,0.1751365751
11822.0000000000,0.0595945257
11823.0000000000,0.6148390677
11824.0000000000,0.3193338835
11825.0000000000,0.7185631381
11826.0000000000,0.1593817146
11827.0000000000,0.2510460676
11828.0000000000,0.4086421725
11829.0000000000,0.2059900781
11830.0000000000,0.4370287411
11831.0000000000,0.1917460717
11832.0000000000,0.4065009200
11833.0000000000,0.3599840825
11834.0000000000,0.3542902154
11835.0000000000,0.5586205081
11836.0000000000,0.1271464344
11837.0000000000,0.4960385096
11838.0000000000,0.2709955078
11839.0000000000,0.2098835985
11840.0000000000,0.3078130201
11841.0000000000,0.1626844307
11842.0000000000,0.4275795803
11843.0000000000,0.2123124028
11844.0000000000,0.2896471997
11845.0000000000,0.0800980377
11846.0000000000,0.1470848190
11847.0000000000,0.3767266929
11848.0000000000,0.1834213174
11849.0000000000,0.6977018154
11850.0000000000,0.3204991726
11851.0000000000,0.4420695922
11852.0000000000,0.6735527246
11853.0000000000,0.3514125153
11854.0000000000,0.3858134566
11855.0000000000,0.4091938303
11856.0000000000,0.2515845624
11857.0000000000,0.4835162271
11858.0000000000,0.2630355023
11859.0000000000,0.3654743566
11860.0000000000,0.7616732139
11861.0000000000,0.7402517655
11862.0000000000,0.1539696577
11863.0000000000,0.4989603433
11864.0000000000,0.2463411948
11865.0000000000,0.3816716955
11866.0000000000,0.2383223295
11867.0000000000,0.1705229260
11868.0000000000,0.0510518199
11869.0000000000,0.2140433769
11870.0000000000,0.2327283721
11871.0000000000,0.4051727172
11872.0000000000,0.2346429487
11873.0000000000,0.3265284705
11874.0000000000,0.3152910221
11875.0000000000,0.1458947366
11876.0000000000,0.0936816347
11877.0000000000,0.1934982764
11878.0000000000,0.6336069963
11879.0000000000,0.5352911249
11880.0000000000,0.3288286427
11881.0000000000,0.3819228737
11882.0000000000,0.1277390474
11883.0000000000,0.3435051719
11884.0000000000,0.1369068933
11885.0000000000,0.1236468273
11886.0000000000,0.4167500514
11887.0000000000,0.1620521735
11888.0000000000,0.3133347745
11889.0000000000,0.5107920767
11890.0000000000,0.1468630073
11891.0000000000,0.2952458174
11892.0000000000,0.3945566353
11893.0000000000,0.1534408500
11894.0000000000,0.4198007389
11895.0000000000,0.5717765362
11896.0000000000,0.3543333098
11897.0000000000,0.0872732516
11898.0000000000,0.1848278179
11899.0000000000,0.4360389548
11900.0000000000,0.2419097007
11901.0000000000,0.2389197062
11902.0000000000,0.1305898125
11903.0000000000,0.4261089851
11904.0000000000,0.6783514288
11905.0000000000,0.1400450726
11906.0000000000,0.1629211067
11907.0000000000,0.6484267383
11908.0000000000,0.3712417569
11909.0000000000,0.1037771274
11910.0000000000,0.3195131459
11911.0000000000,0.4744297172
11912.0000000000,0.4571277908
11913.0000000000,0.1045286023
11914.0000000000,0.6283196085
11915.0000000000,0.7638721416
11916.0000000000,0.2203249911
11917.0000000000,0.1806658496
11918.0000000000,0.2943581823
11919.0000000000,0.1516177034
11920.0000000000,0.0395316422
11921.0000000000,0.2258488043
11922.0000000000,0.4552852594
11923.0000000000,0.2649859007
11924.0000000000,0.5180793373
11925.0000000000,0.2593526302
11926.0000000000,0.4223217006
11927.0000000000,0.6213122856
11928.0000000000,0.3866028265
11929.0000000000,0.2054854001
11930.0000000000,0.4095064007
11931.0000000000,0.0764235272
11932.0000000000,0.5512166022
11933.0000000000,0.2615331647
11934.0000000000,0.2416512342
11935.0000000000,0.2427688927
11936.0000000000,0.1889645030
11937.0000000000,0.0795281523
11938.0000000000,0.5458421019
11939.0000000000,0.1190270962
11940.0000000000,0.2692296404
11941.0000000000,0.4806196954
11942.0000000000,0.5450840872
11943.0000000000,0.6168752175
11944.0000000000,0.2527642827
11945.0000000000,0.2104135631
11946.0000000000,0.1696901871
11947.0000000000,0.5103574322
11948.0000000000,0.1534160153
11949.0000000000,0.1385390690
11950.0000000000,0.2840723067
11951.0000000000,0.3045244500
11952.0000000000,0.3867817661
11953.0000000000,0.1430608316
11954.0000000000,0.1070685648
11955.0000000000,0.4552379178
11956.0000000000,0.6753754234
11957.0000000000,0.4403942043
11958.0000000000,0.2547898628
11959.0000000000,0.0516153347
11960.0000000000,0.2459849150
11961.0000000000,0.2984281266
11962.0000000000,0.1905036875
11963.0000000000,0.4271449552
11964.0000000000,0.2299314016
11965.0000000000,0.1064756287
11966.0000000000,0.5987920645
11967.0000000000,0.1897454604
11968.0000000000,0.5044602894
11969.0000000000,0.0864566560
11970.0000000000,0.5315977711
11971.0000000000,0.8242345396
11972.0000000000,0.1648836099
11973.0000000000,0.1021817948
11974.0000000000,0.3383233487
11975.0000000000,0.0853800411
11976.0000000000,0.2035802617
11977.0000000000,0.2809656856
11978.0000000000,0.4224144962
11979.0000000000,0.1782533556
11980.0000000000,0.3236001014
11981.0000000000,0.1212426374
11982.0000000000,0.8225726501
11983.0000000000,0.5604060790
11984.0000000000,0.6166171761
11985.0000000000,0.2258798043
11986.0000000000,0.3665305854
11987.0000000000,0.2971837842
11988.0000000000,0.0897387582
11989.0000000000,0.2697690536
11990.0000000000,0.2520357466
11991.0000000000,0.0868534992
11992.0000000000,0.5322716970
11993.0000000000,0.2268488984
11994.0000000000,0.0494825405
11995.0000000000,0.4003092632
11996.0000000000,0.4200893512
11997.0000000000,0.1561471189
11998.0000000000,0.1988009687
11999.0000000000,0.0826044390
12000.0000000000,0.3390324044
12001.0000000000,0.1880825028
12002.0000000000,0.2351526589
12003.0000000000,0.6748165719
12004.0000000000,0.1815868529
12005.0000000000,0.5848510986
12006.0000000000,0.2160598943
12007.0000000000,0.2277792945
12008.0000000000,0.2147789519
12009.0000000000,0.2040214712
12010.0000000000,0.1421038377
12011.0000000000,0.4221612234
12012.0000000000,0.0825840298
12013.0000000000,0.3831442797
12014.0000000000,0.2928030448
12015.0000000000,0.1964130344
12016.0000000000,0.3626723014
12017.0000000000,0.2283249545
12018.0000000000,0.5576446895
12019.0000000000,0.2636388951
12020.0000000000,0.3177340265
12021.0000000000,0.1351433710
12022.0000000000,0.4826520983
12023.0000000000,0.2473519385
12024.0000000000,0.1127301109
12025.0000000000,0.5814587833
12026.0000000000,0.5441442141
12027.0000000000,0.1263109169
12028.0000000000,0.1588076737
12029.0000000000,0.2895548827
12030.0000000000,0.1315417312
12031.0000000000,0.4664029404
12032.0000000000,0.4100175420
12033.0000000000,0.0817549833
12034.0000000000,0.3112871149
12035.0000000000,0.3773208397
12036.0000000000,0.5104041367
12037.0000000000,0.1997397939
12038.0000000000,0.1554856420
12039.0000000000,0.4991922657
12040.0000000000,0.1772429012
12041.0000000000,0.4719661905
12042.0000000000,0.2100300435
12043.0000000000,0.3979728622
12044.0000000000,0.2950297667
12045.0000000000,0.3705321290
12046.0000000000,0.2895612601
12047.0000000000,0.2775576624
12048.0000000000,0.3911719220
12049.0000000000,0.3739608130
12050.0000000000,0.2466741989
12051.0000000000,0.3463105254
12052.0000000000,0.1794377024
12053.0000000000,0.6808785160
12054.0000000000,0.1473782443
12055.0000000000,0.0984276313
12056.0000000000,0.2278772105
12057.0000000000,0.9357925389
12058.0000000000,0.2418884543
12059.0000000000,0.1690773802
12060.0000000000,0.3900844197
12061.0000000000,0.4291714339
12062.0000000000,0.3083170707
12063.0000000000,0.2763872705
12064.0000000000,0.5515599696
12065.0000000000,0.5195460230
12066.0000000000,0.1326822762
12067.0000000000,0.2437112845
12068.0000000000,0.1482102244
12069.0000000000,0.0963400373
12070.0000000000,0.2119023351
12071.0000000000,0.1542504455
12072.0000000000,0.6634599383
12073.0000000000,0.0820669590
12074.0000000000,0.6508975275
12075.0000000000,0.4143433889
12076.0000000000,0.1194883223
12077.0000000000,0.6802481557
12078.0000000000,0.1822139971
12079.0000000000,0.7427605749
12080.0000000000,0.0774941996
12081.0000000000,0.1797505273
12082.0000000000,0.2284957459
12083.0000000000,0.2181474590
12084.0000000000,0.7202879355
12085.0000000000,0.1231567224
12086.0000000000,0.6102040217
12087.0000000000,0.2424769479
12088.0000000000,0.5121043399
12089.0000000000,0.5683464155
12090.0000000000,0.1908053080
12091.0000000000,0.0882358724
12092.0000000000,0.3444807978
12093.0000000000,0.2178330906
12094.0000000000,0.2016749457
12095.0000000000,0.2379521358
12096.0000000000,0.2910586966
12097.0000000000,0.1015909494
12098.0000000000,0.2623959751
12099.0000000000,0.2194472119
12100.0000000000,0.6919367509
12101.0000000000,0.2352334199
12102.0000000000,0.8777824119
12103.0000000000,0.5437821037
12104.0000000000,0.2349707668
12105.0000000000,0.4325043922
12106.0000000000,0.5258384063
12107.0000000000,0.4570413893
12108.0000000000,0.5039248565
12109.0000000000,0.6975793245
12110.0000000000,0.3299298124
12111.0000000000,0.2789923354
12112.0000000000,0.1124418785
12113.0000000000,0.4243664581
12114.0000000000,0.0949688521
12115.0000000000,0.7040129343
12116.0000000000,0.2362523604
12117.0000000000,0.1730673655
12118.0000000000,0.2000432639
12119.0000000000,0.1040070930
12120.0000000000,0.3524358651
12121.0000000000,0.2121589397
12122.0000000000,0.0775382412
12123.0000000000,0.2010031302
12124.0000000000,0.3919714736
12125.0000000000,0.3176827306
12126.0000000000,0.1716895605
12127.0000000000,0.3263223156
12128.0000000000,0.0916359999
12129.0000000000,0.2633387492
12130.0000000000,0.4256517196
12131.0000000000,0.3681167232
12132.0000000000,0.0924861858
12133.0000000000,0.6510401537
12134.0000000000,0.2616742303
12135.0000000000,0.7155042164
12136.0000000000,0.0417929300
12137.0000000000,0.1665059879
12138.0000000000,0.2915607961
12139.0000000000,0.4589127273
12140.0000000000,0.2124631809
12141.0000000000,0.3897635458
12142.0000000000,0.2634893815
12143.0000000000,0.2068275853
12144.0000000000,0.4583374175
12145.0000000000,0.4547108639
12146.0000000000,0.4964249607
12147.0000000000,0.7395325930
12148.0000000000,0.4528012713
12149.0000000000,0.2139146906
12150.0000000000,0.1287843600
12151.0000000000,0.2160067673
12152.0000000000,0.3562653488
12153.0000000000,0.2556725249
12154.0000000000,0.3654772633
12155.0000000000,0.1786714016
12156.0000000000,0.1463671297
12157.0000000000,0.1489245493
12158.0000000000,0.0871413780
12159.0000000000,0.3639790933
12160.0000000000,0.2049891696
12161.0000000000,0.0894849470
12162.0000000000,0.2414521078
12163.0000000000,0.6845326370
12164.0000000000,0.6069878065
12165.0000000000,0.5510012676
12166.0000000000,0.4876325053
12167.0000000000,0.3024928983
12168.0000000000,0.3767680431
12169.0000000000,0.1249328029
12170.0000000000,0.3396003898
12171.0000000000,0.0746521587
12172.0000000000,0.2069884374
12173.0000000000,0.1485528094
12174.0000000000,0.4603801787
12175.0000000000,0.4826715058
12176.0000000000,0.4565152970
12177.0000000000,0.5680249336
12178.0000000000,0.1082892618
12179.0000000000,0.1789597698
12180.0000000000,0.1636903389
12181.0000000000,0.0980368023
12182.0000000000,0.0557204419
12183.0000000000,0.0902107553
12184.0000000000,0.1525368907
12185.0000000000,0.1875248092
12186.0000000000,0.1397701100
12187.0000000000,0.2700119781
12188.0000000000,0.1911079298
12189.0000000000,0.4372068797
12190.0000000000,0.2011334081
12191.0000000000,0.2607637060
12192.0000000000,0.2101434768
12193.0000000000,0.2471934944
12194.0000000000,0.2857928583
12195.0000000000,0.0452692586
12196.0000000000,0.3772793065
12197.0000000000,0.9119688654
12198.0000000000,0.1146561793
12199.0000000000,0.0964878227
12200.0000000000,0.4106036747
12201.0000000000,0.1317219276
12202.0000000000,0.3423130176
12203.0000000000,0.3926536310
12204.0000000000,0.2971271592
12205.0000000000,0.4500908509
12206.0000000000,0.7057923089
12207.0000000000,0.1242755213
12208.0000000000,0.1822300120
12209.0000000000,0.4233920067
12210.0000000000,0.1089506679
12211.0000000000,0.2912830394
12212.0000000000,0.1129370571
12213.0000000000,0.3816328777
12214.0000000000,0.5698835625
12215.0000000000,0.3002848762
12216.0000000000,0.2586969396
12217.0000000000,0.1059945583
12218.0000000000,0.3466662855
12219.0000000000,0.3648671264
12220.0000000000,0.5797122739
12221.0000000000,0.2538932959
12222.0000000000,0.1044927407
12223.0000000000,0.1781138026
12224.0000000000,0.3470921778
12225.0000000000,0.1072069722
12226.0000000000,0.0743988203
12227.0000000000,0.2859215238
12228.0000000000,0.1526121573
12229.0000000000,0.3199611564
12230.0000000000,0.1002020801
12231.0000000000,0.4944555187
12232.0000000000,0.1433230320
12233.0000000000,0.0922334899
12234.0000000000,0.2735340449
12235.0000000000,0.1881493081
12236.0000000000,0.3534535430
12237.0000000000,0.1013710157
12238.0000000000,0.7355441793
12239.0000000000,0.2119671715
12240.0000000000,0.2377772521
12241.0000000000,0.1089991904
12242.0000000000,0.1688687306
12243.0000000000,0.7419528898
12244.0000000000,0.3880138104
12245.0000000000,0.5083424268
12246.0000000000,0.0340555348
12247.0000000000,0.2515898464
12248.0000000000,0.2582451604
12249.0000000000,0.3881859325
12250.0000000000,0.0881843237
12251.0000000000,0.3205737456
12252.0000000000,0.0904086028
12253.0000000000,0.1368999658
12254.0000000000,0.2641957218
12255.0000000000,0.1495881999
12256.0000000000,0.7623096080
12257.0000000000,0.5949865804
12258.0000000000,0.3935883161
12259.0000000000,0.3492361504
12260.0000000000,0.3097524264
12261.0000000000,0.3356956993
12262.0000000000,0.3075139773
12263.0000000000,0.2653256215
12264.0000000000,0.1028538709
12265.0000000000,0.3053335338
12266.0000000000,0.2499403213
12267.0000000000,0.1964023925
12268.0000000000,0.1307800539
12269.0000000000,0.2258573797
12270.0000000000,0.1472983529
12271.0000000000,0.2186072606
12272.0000000000,0.2126265431
12273.0000000000,0.3522701467
12274.0000000000,0.3406991146
12275.0000000000,0.1489660514
12276.0000000000,0.2519964284
12277.0000000000,0.2549996914
12278.0000000000,0.1093204813
12279.0000000000,0.1881351411
12280.0000000000,0.3649435168
12281.0000000000,0.1976511303
12282.0000000000,0.2303695679
12283.0000000000,0.2588004038
12284.0000000000,0.2271876015
12285.0000000000,0.0629038117
12286.0000000000,0.3745192975
12287.0000000000,0.1947899069
12288.0000000000,0.3067378567
12289.0000000000,0.1005679694
12290.0000000000,0.6295669299
12291.0000000000,0.0661987616
12292.0000000000,0.3085739824
12293.0000000000,0.2006860942
12294.0000000000,0.1630080046
12295.0000000000,0.3561197503
12296.0000000000,0.5038796772
12297.0000000000,0.4540811455
12298.0000000000,0.5055593253
12299.0000000000,0.6237726617
12300.0000000000,0.4731539751
12301.0000000000,0.4885312796
12302.0000000000,0.3126952723
12303.0000000000,0.1576221744
12304.0000000000,0.1842081437
12305.0000000000,0.4373637017
12306.0000000000,0.0687590792
12307.0000000000,0.2782355181
12308.0000000000,0.1368480325
12309.0000000000,0.1763124235
12310.0000000000,0.4142544953
12311.0000000000,0.0491536308
12312.0000000000,0.3339001122
12313.0000000000,0.0951864540
12314.0000000000,0.0630682368
12315.0000000000,0.3607394380
12316.0000000000,0.2773640467
12317.0000000000,0.2949519559
12318.0000000000,0.2416643082
12319.0000000000,0.6408201059
12320.0000000000,0.7969320947
12321.0000000000,0.2047758464
12322.0000000000,0.2741423558
12323.0000000000,0.6409280458
12324.0000000000,0.1453821826
12325.0000000000,0.1738620873
12326.0000000000,0.1197978110
12327.0000000000,0.0648405184
12328.0000000000,0.6328176444
12329.0000000000,0.3778996977
12330.0000000000,0.0800066113
12331.0000000000,0.1533791286
12332.0000000000,0.0730587278
12333.0000000000,0.1221766699
12334.0000000000,0.2932587929
12335.0000000000,0.3114325488
12336.0000000000,0.3032389216
12337.0000000000,0.1749505612
12338.0000000000,0.3766303119
12339.0000000000,0.4280906715
12340.0000000000,0.3033314656
12341.0000000000,0.3133430923
12342.0000000000,0.2757451664
12343.0000000000,0.3933117477
12344.0000000000,0.2156470456
12345.0000000000,0.5793548459
12346.0000000000,0.1673943143
12347.0000000000,0.1678563140
12348.0000000000,0.5825320467
12349.0000000000,0.4248350378
12350.0000000000,0.6960244686
12351.0000000000,0.7712694183
12352.0000000000,0.2520313154
12353.0000000000,0.2859123588
12354.0000000000,0.0514740369
12355.0000000000,0.0826719364
12356.0000000000,0.0212446901
12357.0000000000,0.5046724009
12358.0000000000,0.4151644718
12359.0000000000,0.0912669751
12360.0000000000,0.4125504289
12361.0000000000,0.1387951175
12362.0000000000,0.1190890517
12363.0000000000,0.2242425753
12364.0000000000,0.0648799813
12365.0000000000,0.4895964684
12366.0000000000,0.1256126921
12367.0000000000,0.3788473739
12368.0000000000,0.3397643015
12369.0000000000,0.1504124932
12370.0000000000,0.1526138001
12371.0000000000,0.2871336843
12372.0000000000,0.1369686197
12373.0000000000,0.1239090327
12374.0000000000,0.0854386042
12375.0000000000,0.7903352117
12376.0000000000,0.1674500035
12377.0000000000,0.0974541422
12378.0000000000,0.4184148288
12379.0000000000,0.1340058465
12380.0000000000,0.2956283634
12381.0000000000,0.3882279574
12382.0000000000,0.0548343837
12383.0000000000,0.1648796744
12384.0000000000,0.6039818288
12385.0000000000,0.3605199666
12386.0000000000,0.1542721106
12387.0000000000,0.1332553111
12388.0000000000,0.2492475945
12389.0000000000,0.4176173321
12390.0000000000,0.0792690487
12391.0000000000,0.5885276684
12392.0000000000,0.4841685317
12393.0000000000,0.7985491419
12394.0000000000,0.3665533830
12395.0000000000,0.2160218334
12396.0000000000,0.3606802247
12397.0000000000,0.1565883445
12398.0000000000,0.2183690970
12399.0000000000,0.3804296849
12400.0000000000,0.5248437433
12401.0000000000,0.1113062041
12402.0000000000,0.0494470334
12403.0000000000,0.1845141579
12404.0000000000,0.1361243890
12405.0000000000,0.3124860943
12406.0000000000,0.1573327410
12407.0000000000,0.3435937617
12408.0000000000,0.2459124176
12409.0000000000,0.1201941692
12410.0000000000,0.4552892337
12411.0000000000,0.3789794110
12412.0000000000,0.4393214597
12413.0000000000,0.6747703132
12414.0000000000,0.2513500303
12415.0000000000,0.6601767625
12416.0000000000,0.3791996089
12417.0000000000,0.1419015149
12418.0000000000,0.1838111905
12419.0000000000,0.1391025346
12420.0000000000,0.3137484369
12421.0000000000,0.0972223064
12422.0000000000,0.2529323871
12423.0000000000,0.1912543176
12424.0000000000,0.0538832674
12425.0000000000,0.0992648602
12426.0000000000,0.3351797657
12427.0000000000,0.2950654707
12428.0000000000,0.2192072052
12429.0000000000,0.1166588735
12430.0000000000,0.2093806877
12431.0000000000,0.4569422277
12432.0000000000,0.0511151794
12433.0000000000,0.1852234189
12434.0000000000,0.1825282735
12435.0000000000,0.5388478072
12436.0000000000,0.2526119123
12437.0000000000,0.2065246548
12438.0000000000,0.7129553056
12439.0000000000,0.5826683367
12440.0000000000,0.1649758182
12441.0000000000,0.1605937734
12442.0000000000,0.5189846806
12443.0000000000,0.2680903616
12444.0000000000,0.2737774210
12445.0000000000,0.0926574263
12446.0000000000,0.4971398238
12447.0000000000,0.4646520568
12448.0000000000,0.1570588128
12449.0000000000,0.1716187097
12450.0000000000,0.4712740731
12451.0000000000,0.2666512176
12452.0000000000,0.2997768710
12453.0000000000,0.2628689010
12454.0000000000,0.2055126355
12455.0000000000,0.2132879508
12456.0000000000,0.1013940795
12457.0000000000,0.8329973967
12458.0000000000,0.2507303019
12459.0000000000,0.2078288071
12460.0000000000,0.3225616728
12461.0000000000,0.1981731921
12462.0000000000,0.3064424815
12463.0000000000,0.5046434712
12464.0000000000,0.4565555211
12465.0000000000,0.1072843393
12466.0000000000,0.3627894234
12467.0000000000,0.1762717529
12468.0000000000,0.2387484014
12469.0000000000,0.1264777728
12470.0000000000,0.0503020140
12471.0000000000,0.0905930883
12472.0000000000,0.3142139332
12473.0000000000,0.4059750712
12474.0000000000,0.2949020072
12475.0000000000,0.4170964141
12476.0000000000,0.0556784859
12477.0000000000,0.3693377232
12478.0000000000,0.2314279796
12479.0000000000,0.2285008533
12480.0000000000,0.2068398850
12481.0000000000,0.0672522970
12482.0000000000,0.3347254751
12483.0000000000,0.4934694913
12484.0000000000,0.1391466956
12485.0000000000,0.1909253219
12486.0000000000,0.4288624358
12487.0000000000,0.3471731726
12488.0000000000,0.4828038981
12489.0000000000,0.6612101606
12490.0000000000,0.3035126033
12491.0000000000,0.3775394633
12492.0000000000,0.1442067573
12493.0000000000,0.1600355594
12494.0000000000,0.4144733397
12495.0000000000,0.1530264602
12496.0000000000,0.2361136332
12497.0000000000,0.0298039726
12498.0000000000,0.1605603249
12499.0000000000,0.5788707082
12500.0000000000,0.0629792791
12501.0000000000,0.1332866776
12502.0000000000,0.3008295115
12503.0000000000,0.0757070296
12504.0000000000,0.2052246656
12505.0000000000,0.0755121333
12506.0000000000,0.0796123588
12507.0000000000,0.0844702235
12508.0000000000,0.1196232490
12509.0000000000,0.6077537009
12510.0000000000,0.8949033639
12511.0000000000,0.4933621424
12512.0000000000,0.6032572051
12513.0000000000,0.0952968464
12514.0000000000,0.1171340081
12515.0000000000,0.3036511879
12516.0000000000,0.8205265217
12517.0000000000,0.6333946914
12518.0000000000,0.0363804122
12519.0000000000,0.1623521521
12520.0000000000,0.4039564286
12521.0000000000,0.3592742456
12522.0000000000,0.0554443187
12523.0000000000,0.7422903133
12524.0000000000,0.0564176807
12525.0000000000,0.3853124458
12526.0000000000,0.1828376857
12527.0000000000,0.3083734539
12528.0000000000,0.4786981023
12529.0000000000,0.4242913851
12530.0000000000,0.8594637669
12531.0000000000,0.2657879821
12532.0000000000,0.2595966390
12533.0000000000,0.3973338517
12534.0000000000,0.3257426943
12535.0000000000,0.3307747410
12536.0000000000,0.3724895295
12537.0000000000,0.3269968616
12538.0000000000,0.4625021580
12539.0000000000,0.2708345319
12540.0000000000,0.1473355804
12541.0000000000,0.3062156467
12542.0000000000,0.4021014229
12543.0000000000,0.0808666415
12544.0000000000,0.2101336034
12545.0000000000,0.4129258654
12546.0000000000,0.1068768465
12547.0000000000,0.0215635502
12548.0000000000,0.2730341820
12549.0000000000,0.1318748349
12550.0000000000,0.1548365431
12551.0000000000,0.0961254173
12552.0000000000,0.4837704390
12553.0000000000,0.3115787065
12554.0000000000,0.1412730610
12555.0000000000,0.4209927674
12556.0000000000,0.2129978897
12557.0000000000,0.1834760203
12558.0000000000,0.4439285228
12559.0000000000,0.7490140748
12560.0000000000,0.1421553532
12561.0000000000,0.2656696595
12562.0000000000,0.2262474281
12563.0000000000,0.5214161226
12564.0000000000,0.0962698870
12565.0000000000,0.1883298588
12566.0000000000,0.1298160973
12567.0000000000,0.1458255149
12568.0000000000,0.1968160014
12569.0000000000,0.5269205551
12570.0000000000,0.2400927348
12571.0000000000,0.2456783516
12572.0000000000,0.4024191000
12573.0000000000,0.0926761643
12574.0000000000,0.0764811421
12575.0000000000,0.4420016534
12576.0000000000,0.0445961120
12577.0000000000,0.6709600307
12578.0000000000,0.3460704203
12579.0000000000,0.1642958153
12580.0000000000,0.6641297297
12581.0000000000,0.1300970055
12582.0000000000,0.1085502875
12583.0000000000,0.1864406132
12584.0000000000,0.5032978274
12585.0000000000,0.0611615593
12586.0000000000,0.3946949377
12587.0000000000,0.1229101553
12588.0000000000,0.3459813334
12589.0000000000,0.0698345627
12590.0000000000,0.4426090770
12591.0000000000,0.4877346843
12592.0000000000,0.2798668587
12593.0000000000,0.2824481280
12594.0000000000,0.3002757069
12595.0000000000,0.7055979975
12596.0000000000,0.3383879832
12597.0000000000,0.2585322563
12598.0000000000,0.4604938089
12599.0000000000,0.1816291336
12600.0000000000,0.2715580891
12601.0000000000,0.3516592984
12602.0000000000,0.3182588679
12603.0000000000,0.1624779551
12604.0000000000,0.4641545276
12605.0000000000,0.1100857219
12606.0000000000,0.4371980709
12607.0000000000,0.0888557469
12608.0000000000,0.1651191852
12609.0000000000,0.2000676441
12610.0000000000,0.0782087914
12611.0000000000,0.3429966266
12612.0000000000,0.1490830814
12613.0000000000,0.3475717543
12614.0000000000,0.2102901241
12615.0000000000,0.8469845155
12616.0000000000,0.2736623817
12617.0000000000,0.4087013818
12618.0000000000,0.4255574050
12619.0000000000,0.4368505727
12620.0000000000,0.3989977910
12621.0000000000,0.3963784742
12622.0000000000,0.1784241466
12623.0000000000,0.3851516011
12624.0000000000,0.3646952146
12625.0000000000,0.1364465157
12626.0000000000,0.7124834567
12627.0000000000,0.1045458830
12628.0000000000,0.0640720781
12629.0000000000,0.3513008493
12630.0000000000,0.1008525195
12631.0000000000,0.5478084797
12632.0000000000,0.3336669968
12633.0000000000,0.5777336960
12634.0000000000,0.1835764514
12635.0000000000,0.7075046637
12636.0000000000,0.2956182479
12637.0000000000,0.2769728350
12638.0000000000,0.5198108010
12639.0000000000,0.0865441074
12640.0000000000,0.4994925918
12641.0000000000,0.5742277263
12642.0000000000,0.4390015848
12643.0000000000,0.1903008430
12644.0000000000,0.1940254233
12645.0000000000,0.0856813917
12646.0000000000,0.2461478500
12647.0000000000,0.4369283812
12648.0000000000,0.2186438834
12649.0000000000,0.1023777457
12650.0000000000,0.2475765488
12651.0000000000,0.4814625986
12652.0000000000,0.1186073407
12653.0000000000,0.2714182252
12654.0000000000,0.1665271664
12655.0000000000,0.3300694841
12656.0000000000,0.2828181682
12657.0000000000,0.2269451763
12658.0000000000,0.3025759887
12659.0000000000,0.3144893390
12660.0000000000,0.3501260226
12661.0000000000,0.4396269885
12662.0000000000,0.3917602216
12663.0000000000,0.1936886058
12664.0000000000,0.4597928011
12665.0000000000,0.0703741036
12666.0000000000,0.2397957291
12667.0000000000,0.2812589872
12668.0000000000,0.3547634831
12669.0000000000,0.1274370016
12670.0000000000,0.1360699443
12671.0000000000,0.2389944313
12672.0000000000,0.1225990625
12673.0000000000,0.2202289125
12674.0000000000,0.4340234186
12675.0000000000,0.2318669955
12676.0000000000,0.2436869569
12677.0000000000,0.7650309139
12678.0000000000,0.2104088099
12679.0000000000,0.4614886327
12680.0000000000,0.1062412946
12681.0000000000,0.0862219891
12682.0000000000,0.4089140672
12683.0000000000,0.4930135515
12684.0000000000,0.2654429963
12685.0000000000,0.2130526909
12686.0000000000,0.1693651015
12687.0000000000,0.0849207532
12688.0000000000,0.1859543183
12689.0000000000,0.6403012535
12690.0000000000,0.3517505328
12691.0000000000,0.2765149247
12692.0000000000,0.0706033136
12693.0000000000,0.2151111653
12694.0000000000,0.3549441983
12695.0000000000,0.4850298087
12696.0000000000,0.3016497288
12697.0000000000,0.0934080490
12698.0000000000,0.1007124549
12699.0000000000,0.3197986227
12700.0000000000,0.3063051654
12701.0000000000,0.4888199652
12702.0000000000,0.2944834237
12703.0000000000,0.1354395831
12704.0000000000,0.1017693007
12705.0000000000,0.3473970411
12706.0000000000,0.0181387038
12707.0000000000,0.1775361864
12708.0000000000,0.3505768714
12709.0000000000,0.2523342854
12710.0000000000,0.4880390144
12711.0000000000,0.4847930344
12712.0000000000,0.1026876341
12713.0000000000,0.7677596613
12714.0000000000,0.0773225069
12715.0000000000,0.0763684159
12716.0000000000,0.2646707550
12717.0000000000,0.2321064320
12718.0000000000,0.1739275846
12719.0000000000,0.5354008414
12720.0000000000,0.6380929856
12721.0000000000,0.5533341334
12722.0000000000,0.3114766038
12723.0000000000,0.4498105507
12724.0000000000,0.2386033996
12725.0000000000,0.1467292869
12726.0000000000,0.6030526575
12727.0000000000,0.9011940307
12728.0000000000,0.2079976851
12729.0000000000,0.2297352103
12730.0000000000,0.3166944229
12731.0000000000,0.0933178186
12732.0000000000,0.0984256169
12733.0000000000,0.2737749009
12734.0000000000,0.1197856035
12735.0000000000,0.3723105384
12736.0000000000,0.3051657097
12737.0000000000,0.4266902823
12738.0000000000,0.2155088579
12739.0000000000,0.0410652454
12740.0000000000,0.0882529953
12741.0000000000,0.1164983575
12742.0000000000,0.2926508854
12743.0000000000,0.4784626106
12744.0000000000,0.2115664464
12745.0000000000,0.4038687097
12746.0000000000,0.0966956091
12747.0000000000,0.2574539393
12748.0000000000,0.2658635798
12749.0000000000,0.2834589607
12750.0000000000,0.5287038106
12751.0000000000,0.1344126392
12752.0000000000,0.1072061017
12753.0000000000,0.2473577650
12754.0000000000,0.1889284180
12755.0000000000,0.2312343432
12756.0000000000,0.1990160331
12757.0000000000,0.3270061189
12758.0000000000,0.2763360931
12759.0000000000,0.3608062554
12760.0000000000,0.4717259198
12761.0000000000,0.3173443854
12762.0000000000,0.4652814053
12763.0000000000,0.1421777902
12764.0000000000,0.3150573050
12765.0000000000,0.4633541279
12766.0000000000,0.2490159026
12767.0000000000,0.2107569709
12768.0000000000,0.3996283586
12769.0000000000,0.2242380100
12770.0000000000,0.4679713430
12771.0000000000,0.3178685589
12772.0000000000,0.1299499933
12773.0000000000,0.4070497951
12774.0000000000,0.5474589143
12775.0000000000,0.2774043581
12776.0000000000,0.3667614576
12777.0000000000,0.1655337707
12778.0000000000,0.4631274985
12779.0000000000,0.2099082299
12780.0000000000,0.2792046460
12781.0000000000,0.2009142206
12782.0000000000,0.0772259958
12783.0000000000,0.7560018547
12784.0000000000,0.0894584340
12785.0000000000,0.5675293353
12786.0000000000,0.0883710892
12787.0000000000,0.3354830704
12788.0000000000,0.1006402802
12789.0000000000,0.1805755838
12790.0000000000,0.1288017783
12791.0000000000,0.4237948349
12792.0000000000,0.2201114127
12793.0000000000,0.0728605562
12794.0000000000,0.4992140087
12795.0000000000,0.2829426437
12796.0000000000,0.4956622092
12797.0000000000,0.3190107270
12798.0000000000,0.4153931958
12799.0000000000,0.1761701896
12800.0000000000,0.1664192776
12801.0000000000,0.0961571979
12802.0000000000,0.3692765076
12803.0000000000,0.2238340702
12804.0000000000,0.4146803170
12805.0000000000,0.2031640601
12806.0000000000,0.2941184340
12807.0000000000,0.3824123248
12808.0000000000,0.0328163731
12809.0000000000,0.3297244297
12810.0000000000,0.1369843018
12811.0000000000,0.2432381048
12812.0000000000,0.4004594340
12813.0000000000,0.0859875372
12814.0000000000,0.3556861797
12815.0000000000,0.2229912121
12816.0000000000,0.0898221464
12817.0000000000,0.1741016275
12818.0000000000,0.3584868352
12819.0000000000,0.2658981792
12820.0000000000,0.1376561370
12821.0000000000,0.1325425095
12822.0000000000,0.1702900263
12823.0000000000,0.3616471041
12824.0000000000,0.2375766079
12825.0000000000,0.3237203237
12826.0000000000,0.1028462999
12827.0000000000,0.1106023368
12828.0000000000,0.6105451332
12829.0000000000,0.2959357558
12830.0000000000,0.3462856359
12831.0000000000,0.1252422589
12832.0000000000,0.1221214296
12833.0000000000,0.0984384759
12834.0000000000,0.3041333397
12835.0000000000,0.3640365828
12836.0000000000,0.5337375021
12837.0000000000,0.7226794120
12838.0000000000,0.1935090337
12839.0000000000,0.2513293053
12840.0000000000,0.2211715549
12841.0000000000,0.2965434175
12842.0000000000,0.3631522612
12843.0000000000,0.2382919055
12844.0000000000,0.4595412865
12845.0000000000,0.5942991677
12846.0000000000,0.6164337204
12847.0000000000,0.2645404243
12848.0000000000,0.0967671777
12849.0000000000,0.0941864786
12850.0000000000,0.0827940992
12851.0000000000,0.3373135642
12852.0000000000,0.0601798269
12853.0000000000,0.1702375237
12854.0000000000,0.3282405505
12855.0000000000,0.7598490590
12856.0000000000,0.1649232193
12857.0000000000,0.7159862213
12858.0000000000,0.8462218205
12859.0000000000,0.3133494271
12860.0000000000,0.5114721462
12861.0000000000,0.2962503888
12862.0000000000,0.6852833011
12863.0000000000,0.2853714791
12864.0000000000,0.5611318587
12865.0000000000,0.2795580840
12866.0000000000,0.2739565302
12867.0000000000,0.0759689694
12868.0000000000,0.4553384439
12869.0000000000,0.2759360546
12870.0000000000,0.5026926146
12871.0000000000,0.0520725764
12872.0000000000,0.7685081950
12873.0000000000,0.4179653514
12874.0000000000,0.4636806606
12875.0000000000,0.3192311102
12876.0000000000,0.5652314203
12877.0000000000,0.0723702994
12878.0000000000,0.2171566536
12879.0000000000,0.4361225673
12880.0000000000,0.3776933508
12881.0000000000,0.2021590198
12882.0000000000,0.1549909038
12883.0000000000,0.4231997817
12884.0000000000,0.1934392033
12885.0000000000,0.3775620040
12886.0000000000,0.1204784470
12887.0000000000,0.1561137778
12888.0000000000,0.5980143743
12889.0000000000,0.1737318338
12890.0000000000,0.8891860748
12891.0000000000,0.4307082836
12892.0000000000,0.2186435747
12893.0000000000,0.1939215011
12894.0000000000,0.1307895071
12895.0000000000,0.1645102285
12896.0000000000,0.2390247055
12897.0000000000,0.0837933100
12898.0000000000,0.6226752375
12899.0000000000,0.5733484104
12900.0000000000,0.1030633817
12901.0000000000,0.1002216887
12902.0000000000,0.4987573232
12903.0000000000,0.2375282930
12904.0000000000,0.2984591169
12905.0000000000,0.3641676427
12906.0000000000,0.3195863108
12907.0000000000,0.2757777607
12908.0000000000,0.2709842830
12909.0000000000,0.1266053557
12910.0000000000,0.1419557358
12911.0000000000,0.4380060550
12912.0000000000,0.4872782365
12913.0000000000,0.1238891542
12914.0000000000,0.1092750705
12915.0000000000,0.1243095926
12916.0000000000,0.4986741859
12917.0000000000,0.2113794589
12918.0000000000,0.1727943340
12919.0000000000,0.6859063506
12920.0000000000,0.3505322154
12921.0000000000,0.4348524304
12922.0000000000,0.4413203478
12923.0000000000,0.2541012000
12924.0000000000,0.1792052829
12925.0000000000,0.3522383250
12926.0000000000,0.1827742472
12927.0000000000,0.3826629032
12928.0000000000,0.2899744321
12929.0000000000,0.2985164576
12930.0000000000,0.6273892512
12931.0000000000,0.3390458671
12932.0000000000,0.1673717947
12933.0000000000,0.0381873362
12934.0000000000,0.0523261235
12935.0000000000,0.3035475153
12936.0000000000,0.5229044384
12937.0000000000,0.2035195691
12938.0000000000,0.1164636658
12939.0000000000,0.5448170684
12940.0000000000,0.1284460322
12941.0000000000,0.2617953981
12942.0000000000,0.3451580853
12943.0000000000,0.7144361303
12944.0000000000,0.3192836174
12945.0000000000,0.3260475145
12946.0000000000,0.1497270177
12947.0000000000,0.2244502961
12948.0000000000,0.2365392643
12949.0000000000,0.4181807432
12950.0000000000,0.4615775701
12951.0000000000,0.5077478294
12952.0000000000,0.6015159319
12953.0000000000,0.0671668078
12954.0000000000,0.2032005010
12955.0000000000,0.0944150729
12956.0000000000,0.2391378799
12957.0000000000,0.1738272779
12958.0000000000,0.3107612995
12959.0000000000,0.3997505923
12960.0000000000,0.4529198230
12961.0000000000,0.3461298413
12962.0000000000,0.4890947399
12963.0000000000,0.1632612704
12964.0000000000,0.6693494589
12965.0000000000,0.2983940841
12966.0000000000,0.1906812348
12967.0000000000,0.0983199068
12968.0000000000,0.4909150503
12969.0000000000,0.4737732935
12970.0000000000,0.6151404879
12971.0000000000,0.2848690854
12972.0000000000,0.0818058356
12973.0000000000,0.2626308852
12974.0000000000,0.0594656658
12975.0000000000,0.4440233702
12976.0000000000,0.1517252640
12977.0000000000,0.3069361557
12978.0000000000,0.5227804880
12979.0000000000,0.0607837294
12980.0000000000,0.1485717745
12981.0000000000,0.5012073096
12982.0000000000,0.0657332455
12983.0000000000,0.4376855106
12984.0000000000,0.6382522136
12985.0000000000,0.1997030471
12986.0000000000,0.1224474693
12987.0000000000,0.5298126128
12988.0000000000,0.1819086890
12989.0000000000,0.1560315101
12990.0000000000,0.3102792304
12991.0000000000,0.3890520363
12992.0000000000,0.3933536712
12993.0000000000,0.4457055100
12994.0000000000,0.5837551005
12995.0000000000,0.3328505133
12996.0000000000,0.1061961489
12997.0000000000,0.2252577936
12998.0000000000,0.5853161087
12999.0000000000,0.5024208068
13000.0000000000,0.2011729138
13001.0000000000,0.0826277851
13002.0000000000,0.2196445193
13003.0000000000,0.1213257141
13004.0000000000,0.7904825473
13005.0000000000,0.3022441827
13006.0000000000,0.2332032629
13007.0000000000,0.3685210986
13008.0000000000,0.4817326207
13009.0000000000,0.4148563248
13010.0000000000,0.1181497726
13011.0000000000,0.0643932299
13012.0000000000,0.1753772792
13013.0000000000,0.7732850983
13014.0000000000,0.4568122428
13015.0000000000,0.2184068084
13016.0000000000,0.4451649658
13017.0000000000,0.3519397481
13018.0000000000,0.2655854459
13019.0000000000,0.2936554434
13020.0000000000,0.6334468318
13021.0000000000,0.4617571799
13022.0000000000,0.6103044110
13023.0000000000,0.2810970986
13024.0000000000,0.2578247364
13025.0000000000,0.4876897754
13026.0000000000,0.2683680581
13027.0000000000,0.4827006111
13028.0000000000,0.5628123610
13029.0000000000,0.2368988084
13030.0000000000,0.2717671424
13031.0000000000,0.5908256104
13032.0000000000,0.0630900621
13033.0000000000,0.4521523905
13034.0000000000,0.2158822935
13035.0000000000,0.2089629029
13036.0000000000,0.4815537757
13037.0000000000,0.2117119044
13038.0000000000,0.2361095509
13039.0000000000,0.0533801409
13040.0000000000,0.4652893395
13041.0000000000,0.1684059072
13042.0000000000,0.3919038722
13043.0000000000,0.0559654103
13044.0000000000,0.2528005717
13045.0000000000,0.5788569876
13046.0000000000,0.6267844648
13047.0000000000,0.2583767474
13048.0000000000,0.0905094530
13049.0000000000,0.1893292572
13050.0000000000,0.1084453336
13051.0000000000,0.3838773149
13052.0000000000,0.4663733625
13053.0000000000,0.4864372694
13054.0000000000,0.1858574862
13055.0000000000,0.0856423214
13056.0000000000,0.1041014053
13057.0000000000,0.3642014166
13058.0000000000,0.6530763560
13059.0000000000,0.4662252547
13060.0000000000,0.3022827119
13061.0000000000,0.7426434968
13062.0000000000,0.5352685478
13063.0000000000,0.7867443766
13064.0000000000,0.4661265885
13065.0000000000,0.3536416650
13066.0000000000,0.2003314976
13067.0000000000,0.2601423201
13068.0000000000,0.3247001349
13069.0000000000,0.5065929124
13070.0000000000,0.4563816665
13071.0000000000,0.1918796931
13072.0000000000,0.5699114277
13073.0000000000,0.4640434814
13074.0000000000,0.2248577852
13075.0000000000,0.0781404439
13076.0000000000,0.1463066589
13077.0000000000,0.2531300560
13078.0000000000,0.1875691491
13079.0000000000,0.5440967026
13080.0000000000,0.4940097897
13081.0000000000,0.4282243615
13082.0000000000,0.4110490621
13083.0000000000,0.3712046224
13084.0000000000,0.3160515368
13085.0000000000,0.0926427947
13086.0000000000,0.0656398141
13087.0000000000,0.2016685824
13088.0000000000,0.5268394194
13089.0000000000,0.1192682364
13090.0000000000,0.0635749306
13091.0000000000,0.5047763592
13092.0000000000,0.1736727746
13093.0000000000,0.2041914063
13094.0000000000,0.1127510897
13095.0000000000,0.1214246212
13096.0000000000,0.0595856714
13097.0000000000,0.3659522133
13098.0000000000,0.0905828916
13099.0000000000,0.2392613591
13100.0000000000,0.0733733628
13101.0000000000,0.3274291125
13102.0000000000,0.1440134647
13103.0000000000,0.3562580598
13104.0000000000,0.0945872670
13105.0000000000,0.0647234851
13106.0000000000,0.3203399462
13107.0000000000,0.4563065039
13108.0000000000,0.3001896756
13109.0000000000,0.1922759293
13110.0000000000,0.2974081748
13111.0000000000,0.3353594936
13112.0000000000,0.5412576885
13113.0000000000,0.1994286105
13114.0000000000,0.1015109954
13115.0000000000,0.3376480014
13116.0000000000,0.0566202473
13117.0000000000,0.2925015631
13118.0000000000,0.3376137302
13119.0000000000,0.4812806746
13120.0000000000,0.0755190340
13121.0000000000,0.0781039553
13122.0000000000,0.1328469919
13123.0000000000,0.0964802992
13124.0000000000,0.2636497945
13125.0000000000,0.2684639460
13126.0000000000,0.3272759189
13127.0000000000,0.4418821171
13128.0000000000,0.2818611625
13129.0000000000,0.1549696712
13130.0000000000,0.1127160823
13131.0000000000,0.2867584972
13132.0000000000,0.2495195341
13133.0000000000,0.4042552420
13134.0000000000,0.6040227684
13135.0000000000,0.3340602132
13136.0000000000,0.1054209762
13137.0000000000,0.3195912992
13138.0000000000,0.4154412468
13139.0000000000,0.3168789877
13140.0000000000,0.2588030992
13141.0000000000,0.4906724696
13142.0000000000,0.1727100662
13143.0000000000,0.3022435365
13144.0000000000,0.1700895707
13145.0000000000,0.2833017842
13146.0000000000,0.1784519358
13147.0000000000,0.3495843606
13148.0000000000,0.2194278084
13149.0000000000,0.2067591310
13150.0000000000,0.1162110549
13151.0000000000,0.2791802892
13152.0000000000,0.4635393910
13153.0000000000,0.0573120192
13154.0000000000,0.5045430340
13155.0000000000,0.0823892389
13156.0000000000,0.5360946876
13157.0000000000,0.4606282484
13158.0000000000,0.4252128332
13159.0000000000,0.3387597341
13160.0000000000,0.4581148868
13161.0000000000,0.1563636255
13162.0000000000,0.0706689541
13163.0000000000,0.2417890256
13164.0000000000,0.7160104517
13165.0000000000,0.1668766903
13166.0000000000,0.6318481915
13167.0000000000,0.2279598318
13168.0000000000,0.3675342063
13169.0000000000,0.5297439987
13170.0000000000,0.2015908853
13171.0000000000,0.4269729889
13172.0000000000,0.2147787224
13173.0000000000,0.3687703322
13174.0000000000,0.7115117284
13175.0000000000,0.2433056657
13176.0000000000,0.3894901260
13177.0000000000,0.2319157204
13178.0000000000,0.5100584746
13179.0000000000,0.1272615379
13180.0000000000,0.6924413326
13181.0000000000,0.2006868156
13182.0000000000,0.1425251787
13183.0000000000,0.2477006364
13184.0000000000,0.2758370071
13185.0000000000,0.1279866978
13186.0000000000,0.0946097973
13187.0000000000,0.0429934516
13188.0000000000,0.1840428675
13189.0000000000,0.3263811042
13190.0000000000,0.4276678876
13191.0000000000,0.1959579425
13192.0000000000,0.1079934153
13193.0000000000,0.1109807122
13194.0000000000,0.3858028468
13195.0000000000,0.3877707079
13196.0000000000,0.1459980384
13197.0000000000,0.1302989911
13198.0000000000,0.2626069368
13199.0000000000,0.5267844617
13200.0000000000,0.1083379693
13201.0000000000,0.0352975129
13202.0000000000,0.3232630498
13203.0000000000,0.3163189178
13204.0000000000,0.1490873373
13205.0000000000,0.2307142848
13206.0000000000,0.3034171147
13207.0000000000,0.0545600013
13208.0000000000,0.1934326400
13209.0000000000,0.0626764556
13210.0000000000,0.2551011830
13211.0000000000,0.3770653237
13212.0000000000,0.6838380791
13213.0000000000,0.0923893122
13214.0000000000,0.2627978986
13215.0000000000,0.4709021051
13216.0000000000,0.5126905083
13217.0000000000,0.0746777309
13218.0000000000,0.1596705236
13219.0000000000,0.3336990513
13220.0000000000,0.1963052237
13221.0000000000,0.1628534094
13222.0000000000,0.3840175939
13223.0000000000,0.4010011679
13224.0000000000,0.7624912025
13225.0000000000,0.2145166318
13226.0000000000,0.2594756314
13227.0000000000,0.4113268496
13228.0000000000,0.8725520278
13229.0000000000,0.3830189995
13230.0000000000,0.0924464703
13231.0000000000,0.2366411720
13232.0000000000,0.3511140852
13233.0000000000,0.6168245300
13234.0000000000,0.2788746797
13235.0000000000,0.2824602994
13236.0000000000,0.1237157177
13237.0000000000,0.1559919438
13238.0000000000,0.2959868711
13239.0000000000,0.3060616923
13240.0000000000,0.7513858945
13241.0000000000,0.2387245878
13242.0000000000,0.2525400631
13243.0000000000,0.1026649442
13244.0000000000,0.1157194472
13245.0000000000,0.2334755198
13246.0000000000,0.3076788459
13247.0000000000,0.4564481605
13248.0000000000,0.2987502807
13249.0000000000,0.3372660290
13250.0000000000,0.2913539338
13251.0000000000,0.1612632966
13252.0000000000,0.6124675942
13253.0000000000,0.0910097440
13254.0000000000,0.4195336027
13255.0000000000,0.4926791712
13256.0000000000,0.1484566697
13257.0000000000,0.3521614764
13258.0000000000,0.3096380413
13259.0000000000,0.1009920654
13260.0000000000,0.5330458613
13261.0000000000,0.1336077775
13262.0000000000,0.2730518865
13263.0000000000,0.4146769444
13264.0000000000,0.1562302509
13265.0000000000,0.3359881879
13266.0000000000,0.3996139655
13267.0000000000,0.2334221918
13268.0000000000,0.1467537892
13269.0000000000,0.1215725023
13270.0000000000,0.0764793699
13271.0000000000,0.1644114161
13272.0000000000,0.2002926327
13273.0000000000,0.4693419187
13274.0000000000,0.1844540740
13275.0000000000,0.4779125722
13276.0000000000,0.2990779854
13277.0000000000,0.3230174975
13278.0000000000,0.3120107330
13279.0000000000,0.1174532795
13280.0000000000,0.1733213738
13281.0000000000,0.2242392007
13282.0000000000,0.2776140924
13283.0000000000,0.3060748169
13284.0000000000,0.2157932481
13285.0000000000,0.1208670737
13286.0000000000,0.0962561203
13287.0000000000,0.7144871208
13288.0000000000,0.1538897532
13289.0000000000,0.5183914133
13290.0000000000,0.1589961793
13291.0000000000,0.3963465755
13292.0000000000,0.1977971973
13293.0000000000,0.5516220615
13294.0000000000,0.4108004315
13295.0000000000,0.5516725312
13296.0000000000,0.1163283745
13297.0000000000,0.4587129668
13298.0000000000,0.0830119729
13299.0000000000,0.5505347411
13300.0000000000,0.3893022960
13301.0000000000,0.1051156591
13302.0000000000,0.1665649584
13303.0000000000,0.2025385478
13304.0000000000,0.3514499699
13305.0000000000,0.5586853736
13306.0000000000,0.1426418970
13307.0000000000,0.1489088452
13308.0000000000,0.3729509522
13309.0000000000,0.5649519115
13310.0000000000,0.2169436417
13311.0000000000,0.1785027825
13312.0000000000,0.2404985840
13313.0000000000,0.1183911031
13314.0000000000,0.0783672920
13315.0000000000,0.4510094652
13316.0000000000,0.2758139520
13317.0000000000,0.5458687978
13318.0000000000,0.2394587782
13319.0000000000,0.1273985453
13320.0000000000,0.3283569603
13321.0000000000,0.0466849733
13322.0000000000,0.2351041280
13323.0000000000,0.0782171731
13324.0000000000,0.2961786215
13325.0000000000,0.3921962020
13326.0000000000,0.1672713381
13327.0000000000,0.5827861914
13328.0000000000,0.0890141091
13329.0000000000,0.4465393576
13330.0000000000,0.1938700264
13331.0000000000,0.0606634352
13332.0000000000,0.1470143212
13333.0000000000,0.2689771663
13334.0000000000,0.1034413755
13335.0000000000,0.2339745419
13336.0000000000,0.0785196327
13337.0000000000,0.0802160894
13338.0000000000,0.3447895662
13339.0000000000,0.2109449066
13340.0000000000,0.0821177515
13341.0000000000,0.5823061009
13342.0000000000,0.1055287559
13343.0000000000,0.8185476060
13344.0000000000,0.1817652343
13345.0000000000,0.0838767867
13346.0000000000,0.2114449023
13347.0000000000,0.1614963779
13348.0000000000,0.1464292347
13349.0000000000,0.3753542465
13350.0000000000,0.1009250530
13351.0000000000,0.2680651891
13352.0000000000,0.1798336515
13353.0000000000,0.3380649548
13354.0000000000,0.6118200231
13355.0000000000,0.4061496740
13356.0000000000,0.3585912845
13357.0000000000,0.3674216794
13358.0000000000,0.6802040322
13359.0000000000,0.0858360283
13360.0000000000,0.3873555381
13361.0000000000,0.3717102925
13362.0000000000,0.2488813069
13363.0000000000,0.0939528672
13364.0000000000,0.4941056907
13365.0000000000,0.1774005001
13366.0000000000,0.4828129875
13367.0000000000,0.1326296191
13368.0000000000,0.1291384329
13369.0000000000,0.1129860098
13370.0000000000,0.0923384234
13371.0000000000,0.4326897248
13372.0000000000,0.2423571915
13373.0000000000,0.0749069135
13374.0000000000,0.0527030982
13375.0000000000,0.2514948130
13376.0000000000,0.6537365607
13377.0000000000,0.2794763032
13378.0000000000,0.1149223244
13379.0000000000,0.5362945749
13380.0000000000,0.1598444143
13381.0000000000,0.0645588941
13382.0000000000,0.2889596436
13383.0000000000,0.7858400534
13384.0000000000,0.3184057814
13385.0000000000,0.4464385747
13386.0000000000,0.0838361482
13387.0000000000,0.0341431651
13388.0000000000,0.6426948146
13389.0000000000,0.2054127401
13390.0000000000,0.3047902353
13391.0000000000,0.5556044196
13392.0000000000,0.5487543649
13393.0000000000,0.1603821468
13394.0000000000,0.6016313732
13395.0000000000,0.2017902535
13396.0000000000,0.4167550454
13397.0000000000,0.2225244689
13398.0000000000,0.5053679595
13399.0000000000,0.2062977826
13400.0000000000,0.1712380971
13401.0000000000,0.1999129773
13402.0000000000,0.5328327067
13403.0000000000,0.1528295231
13404.0000000000,0.0749600030
13405.0000000000,0.3974945721
13406.0000000000,0.2049797792
13407.0000000000,0.2318947034
13408.0000000000,0.2397285414
13409.0000000000,0.3803046402
13410.0000000000,0.1233978970
13411.0000000000,0.1765396128
13412.0000000000,0.2416247905
13413.0000000000,0.1081282823
13414.0000000000,0.1833326412
13415.0000000000,0.6204941271
13416.0000000000,0.4550061475
13417.0000000000,0.4403851862
13418.0000000000,0.0318085572
13419.0000000000,0.0833014505
13420.0000000000,0.3624904892
13421.0000000000,0.3531698666
13422.0000000000,0.0703790036
13423.0000000000,0.7087076237
13424.0000000000,0.1241611162
13425.0000000000,0.2383463475
13426.0000000000,0.2825536849
13427.0000000000,0.0749760108
13428.0000000000,0.6257463921
13429.0000000000,0.2639202243
13430.0000000000,0.0978019578
13431.0000000000,0.1689245322
13432.0000000000,0.7658127502
13433.0000000000,0.3290971953
13434.0000000000,0.2728650298
13435.0000000000,0.2815171791
13436.0000000000,0.1500326458
13437.0000000000,0.1557907832
13438.0000000000,0.3275397624
13439.0000000000,0.2954565941
13440.0000000000,0.7572387940
13441.0000000000,0.6492946972
13442.0000000000,0.1137776309
13443.0000000000,0.7284911375
13444.0000000000,0.6877064130
13445.0000000000,0.2215321689
13446.0000000000,0.2353983330
13447.0000000000,0.2110819331
13448.0000000000,0.1909157897
13449.0000000000,0.3079996548
13450.0000000000,0.0844224916
13451.0000000000,0.2778989745
13452.0000000000,0.5608651874
13453.0000000000,0.4400105580
13454.0000000000,0.1241029149
13455.0000000000,0.1326917482
13456.0000000000,0.4295201174
13457.0000000000,0.2690421827
13458.0000000000,0.5822050450
13459.0000000000,0.1689133207
13460.0000000000,0.5950036244
13461.0000000000,0.2305140610
13462.0000000000,0.0524222763
13463.0000000000,0.6791214915
13464.0000000000,0.4044517962
13465.0000000000,0.3046571005
13466.0000000000,0.1485932453
13467.0000000000,0.4353815829
13468.0000000000,0.1738991442
13469.0000000000,0.1085861762
13470.0000000000,0.4075721382
13471.0000000000,0.1229176193
13472.0000000000,0.0749433570
13473.0000000000,0.2402407724
13474.0000000000,0.5530859800
13475.0000000000,0.1652306582
13476.0000000000,0.2144700912
13477.0000000000,0.2009409854
13478.0000000000,0.2245301384
13479.0000000000,0.2054040792
13480.0000000000,0.3742695465
13481.0000000000,0.1222516072
13482.0000000000,0.2404492779
13483.0000000000,0.1124504485
13484.0000000000,0.2042048520
13485.0000000000,0.4467312770
13486.0000000000,0.6134596390
13487.0000000000,0.2538799696
13488.0000000000,0.0709384284
13489.0000000000,0.3429928155
13490.0000000000,0.5072192789
13491.0000000000,0.5508556123
13492.0000000000,0.4201118929
13493.0000000000,0.2172317463
13494.0000000000,0.2489403493
13495.0000000000,0.6297792176
13496.0000000000,0.5221993175
13497.0000000000,0.0751161627
13498.0000000000,0.1207910405
13499.0000000000,0.2384531171
13500.0000000000,0.0955501082
13501.0000000000,0.1704392890
13502.0000000000,0.2175361588
13503.0000000000,0.4001634410
13504.0000000000,0.4973632288
13505.0000000000,0.0995013289
13506.0000000000,0.6352467433
13507.0000000000,0.2998447343
13508.0000000000,0.2066164487
13509.0000000000,0.2970977231
13510.0000000000,0.4164806995
13511.0000000000,0.2157425526
13512.0000000000,0.2481775121
13513.0000000000,0.1889749152
13514.0000000000,0.1010767937
13515.0000000000,0.4291112283
13516.0000000000,0.2058954922
13517.0000000000,0.4661211546
13518.0000000000,0.1841364698
13519.0000000000,0.1735887019
13520.0000000000,0.1272673025
13521.0000000000,0.9647908936
13522.0000000000,0.4216436322
13523.0000000000,0.0879446451
13524.0000000000,0.1862575475
13525.0000000000,0.5639639412
13526.0000000000,0.2731623482
13527.0000000000,0.6263937458
13528.0000000000,0.6449988530
13529.0000000000,0.3159528392
13530.0000000000,0.4174646463
13531.0000000000,0.3203541962
13532.0000000000,0.2162740767
13533.0000000000,0.4511354324
13534.0000000000,0.1805078202
13535.0000000000,0.4897609062
13536.0000000000,0.0563604189
13537.0000000000,0.5924641193
13538.0000000000,0.1400288236
13539.0000000000,0.1314851025
13540.0000000000,0.7888262439
13541.0000000000,0.0223202007
13542.0000000000,0.5693837464
13543.0000000000,0.2068624455
13544.0000000000,0.2401780116
13545.0000000000,0.2344872100
13546.0000000000,0.4314646749
13547.0000000000,0.4186207818
13548.0000000000,0.5675578717
13549.0000000000,0.3363185561
13550.0000000000,0.4444362279
13551.0000000000,0.1193933367
13552.0000000000,0.2281028131
13553.0000000000,0.3316573891
13554.0000000000,0.7879258572
13555.0000000000,0.4907786473
13556.0000000000,0.3915286143
13557.0000000000,0.2331470917
13558.0000000000,0.2637626201
13559.0000000000,0.0597524868
13560.0000000000,0.2057431846
13561.0000000000,0.0920328711
13562.0000000000,0.3196211928
13563.0000000000,0.6857704422
13564.0000000000,0.1148004787
13565.0000000000,0.1823397816
13566.0000000000,0.3778385138
13567.0000000000,0.5786295141
13568.0000000000,0.3399429578
13569.0000000000,0.3173674304
13570.0000000000,0.5553128227
13571.0000000000,0.1047551925
13572.0000000000,0.1380575478
13573.0000000000,0.0672326710
13574.0000000000,0.3822566443
13575.0000000000,0.1053557237
13576.0000000000,0.4554041195
13577.0000000000,0.2481116894
13578.0000000000,0.1303931135
13579.0000000000,0.1142250020
13580.0000000000,0.2473167124
13581.0000000000,0.0467702875
13582.0000000000,0.6281547453
13583.0000000000,0.1347739165
13584.0000000000,0.2462095473
13585.0000000000,0.2561933978
13586.0000000000,0.2220058907
13587.0000000000,0.0637495033
13588.0000000000,0.3073717675
13589.0000000000,0.3257020040
13590.0000000000,0.2195288800
13591.0000000000,0.5182742449
13592.0000000000,0.1206978115
13593.0000000000,0.2473410725
13594.0000000000,0.7262369711
13595.0000000000,0.1525516791
13596.0000000000,0.4061553402
13597.0000000000,0.1015015578
13598.0000000000,0.3751284228
13599.0000000000,0.1946502142
13600.0000000000,0.1157302985
13601.0000000000,0.1441187925
13602.0000000000,0.0860048317
13603.0000000000,0.2162147865
13604.0000000000,0.0732305587
13605.0000000000,0.3803589143
13606.0000000000,0.2757124694
13607.0000000000,0.4708119357
13608.0000000000,0.5521483284
13609.0000000000,0.4439643904
13610.0000000000,0.5981886530
13611.0000000000,0.2605518708
13612.0000000000,0.4871192078
13613.0000000000,0.1158679718
13614.0000000000,0.0866590852
13615.0000000000,0.3643790258
13616.0000000000,0.1601565425
13617.0000000000,0.3491910329
13618.0000000000,0.1224813051
13619.0000000000,0.1061918967
13620.0000000000,0.0603817738
13621.0000000000,0.2645531344
13622.0000000000,0.3493034966
13623.0000000000,0.5220274412
13624.0000000000,0.0819516000
13625.0000000000,0.1867282817
13626.0000000000,0.2639080687
13627.0000000000,0.3121268883
13628.0000000000,0.3171091141
13629.0000000000,0.2035234293
13630.0000000000,0.7138418945
13631.0000000000,0.1660706213
13632.0000000000,0.4243897981
13633.0000000000,0.2612337610
13634.0000000000,0.2161451213
13635.0000000000,0.3507534354
13636.0000000000,0.1903649911
13637.0000000000,0.1314820299
13638.0000000000,0.5263641818
13639.0000000000,0.2618314279
13640.0000000000,0.0923557273
13641.0000000000,0.2984873680
13642.0000000000,0.3772421707
13643.0000000000,0.1464983819
13644.0000000000,0.3606734129
13645.0000000000,0.0279823842
13646.0000000000,0.5142812656
13647.0000000000,0.2632072984
13648.0000000000,0.0836131991
13649.0000000000,0.2356430027
13650.0000000000,0.1588628635
13651.0000000000,0.6424744728
13652.0000000000,0.3986491434
13653.0000000000,0.4559097999
13654.0000000000,0.3087419630
13655.0000000000,0.2636004000
13656.0000000000,0.2779113255
13657.0000000000,0.5570406650
13658.0000000000,0.5387211945
13659.0000000000,0.3381604253
13660.0000000000,0.0934520775
13661.0000000000,0.1814170057
13662.0000000000,0.3868187477
13663.0000000000,0.0938949780
13664.0000000000,0.2441058882
13665.0000000000,0.1978076232
13666.0000000000,0.1835982171
13667.0000000000,0.0963620221
13668.0000000000,0.3884201145
13669.0000000000,0.2793372419
13670.0000000000,0.1564891910
13671.0000000000,0.1209621332
13672.0000000000,0.4781941881
13673.0000000000,0.1001250322
13674.0000000000,0.2139758103
13675.0000000000,0.1926672242
13676.0000000000,0.5375450886
13677.0000000000,0.3826075187
13678.0000000000,0.5360849544
13679.0000000000,0.3300861431
13680.0000000000,0.2900053903
13681.0000000000,0.5317954145
13682.0000000000,0.1724459020
13683.0000000000,0.1336685721
13684.0000000000,0.2937176243
13685.0000000000,0.6646568190
13686.0000000000,0.3450500855
13687.0000000000,0.1529023806
13688.0000000000,0.2916877937
13689.0000000000,0.5410023591
13690.0000000000,0.1171738399
13691.0000000000,0.1926228191
13692.0000000000,0.7050956717
13693.0000000000,0.1553983622
13694.0000000000,0.5452886374
13695.0000000000,0.3068599218
13696.0000000000,0.1918412346
13697.0000000000,0.2932795262
13698.0000000000,0.3337240007
13699.0000000000,0.4530683663
13700.0000000000,0.0822731357
13701.0000000000,0.2790672362
13702.0000000000,0.1659721744
13703.0000000000,0.1201072730
13704.0000000000,0.4894985614
13705.0000000000,0.2503312922
13706.0000000000,0.1561074078
13707.0000000000,0.2370359014
13708.0000000000,0.4802025433
13709.0000000000,0.1101092886
13710.0000000000,0.5594773562
13711.0000000000,0.5821041751
13712.0000000000,0.5630149273
13713.0000000000,0.0888338561
13714.0000000000,0.4298436327
13715.0000000000,0.2134501190
13716.0000000000,0.6823662776
13717.0000000000,0.0898709235
13718.0000000000,0.1892323807
13719.0000000000,0.1600432695
13720.0000000000,0.5918789211
13721.0000000000,0.4791418031
13722.0000000000,0.4217020036
13723.0000000000,0.5092972191
13724.0000000000,0.7298227644
13725.0000000000,0.5888229299
13726.0000000000,0.5822269526
13727.0000000000,0.1787461522
13728.0000000000,0.5375125050
13729.0000000000,0.4348611154
13730.0000000000,0.2224264880
13731.0000000000,0.1482306015
13732.0000000000,0.0841035479
13733.0000000000,0.4986770133
13734.0000000000,0.3460870850
13735.0000000000,0.4575229875
13736.0000000000,0.3447179909
13737.0000000000,0.4350111781
13738.0000000000,0.1851434957
13739.0000000000,0.6360189304
13740.0000000000,0.4455441880
13741.0000000000,0.5541560491
13742.0000000000,0.3103990514
13743.0000000000,0.1424898121
13744.0000000000,0.5309788815
13745.0000000000,0.2188859190
13746.0000000000,0.7482801229
13747.0000000000,0.4956966349
13748.0000000000,0.2385633851
13749.0000000000,0.4409352576
13750.0000000000,0.1667896045
13751.0000000000,0.9243188432
13752.0000000000,0.2544471814
13753.0000000000,0.1493147513
13754.0000000000,0.3840731339
13755.0000000000,0.2495037941
13756.0000000000,0.1523490898
13757.0000000000,0.2369320435
13758.0000000000,0.6692080380
13759.0000000000,0.2322829927
13760.0000000000,0.1580427810
13761.0000000000,0.5218884177
13762.0000000000,0.3744098737
13763.0000000000,0.2610642532
13764.0000000000,0.4243102562
13765.0000000000,0.6855693749
13766.0000000000,0.3502285535
13767.0000000000,0.1184708073
13768.0000000000,0.0699464775
13769.0000000000,0.2843529015
13770.0000000000,0.0860230189
13771.0000000000,0.2677163812
13772.0000000000,0.1018038800
13773.0000000000,0.2014568472
13774.0000000000,0.6002522405
13775.0000000000,0.1988612335
13776.0000000000,0.0890122739
13777.0000000000,0.1010938470
13778.0000000000,0.4835361377
13779.0000000000,0.0584576355
13780.0000000000,0.2453084389
13781.0000000000,0.5906735848
13782.0000000000,0.0958562624
13783.0000000000,0.3099855800
13784.0000000000,0.1876506569
13785.0000000000,0.1584220363
13786.0000000000,0.0797896904
13787.0000000000,0.4507863348
13788.0000000000,0.1886033920
13789.0000000000,0.3644620624
13790.0000000000,0.1884766797
13791.0000000000,0.3375070020
13792.0000000000,0.5215470808
13793.0000000000,0.1644655558
13794.0000000000,0.1407931571
13795.0000000000,0.1275417816
13796.0000000000,0.5578300185
13797.0000000000,0.1599715537
13798.0000000000,0.5374545091
13799.0000000000,0.5629626759
13800.0000000000,0.1129183312
13801.0000000000,0.0477299481
13802.0000000000,0.4785068157
13803.0000000000,0.5733461856
13804.0000000000,0.5384371685
13805.0000000000,0.3420709132
13806.0000000000,0.4797815156
13807.0000000000,0.1765103148
13808.0000000000,0.4308837416
13809.0000000000,0.3170998612
13810.0000000000,0.1858199608
13811.0000000000,0.3646082743
13812.0000000000,0.1798880484
13813.0000000000,0.2259557863
13814.0000000000,0.2499293476
13815.0000000000,0.0401150899
13816.0000000000,0.3734099973
13817.0000000000,0.6391267784
13818.0000000000,0.0811271063
13819.0000000000,0.1355552622
13820.0000000000,0.2658048137
13821.0000000000,0.1612118609
13822.0000000000,0.0791090905
13823.0000000000,0.4882236618
13824.0000000000,0.6493356719
13825.0000000000,0.4285899311
13826.0000000000,0.2012341790
13827.0000000000,0.1671468028
13828.0000000000,0.1001782601
13829.0000000000,0.1731915102
13830.0000000000,0.5008782788
13831.0000000000,0.3490760167
13832.0000000000,0.4763928732
13833.0000000000,0.0657264380
13834.0000000000,0.9752920283
13835.0000000000,0.0662412724
13836.0000000000,0.3390061831
13837.0000000000,0.1770803691
13838.0000000000,0.4244138215
13839.0000000000,0.0514158527
13840.0000000000,0.4318245150
13841.0000000000,0.2864250259
13842.0000000000,0.0675500890
13843.0000000000,0.3613121773
13844.0000000000,0.3331241896
13845.0000000000,0.4878773596
13846.0000000000,0.3284284052
13847.0000000000,0.3525388913
13848.0000000000,0.1289947709
13849.0000000000,0.1423322978
13850.0000000000,0.0988257932
13851.0000000000,0.2045600318
13852.0000000000,0.5098718711
13853.0000000000,0.2423736994
13854.0000000000,0.1306123154
13855.0000000000,0.2804220172
13856.0000000000,0.0678032982
13857.0000000000,0.1105234972
13858.0000000000,0.6280317163
13859.0000000000,0.3606482284
13860.0000000000,0.3437409482
13861.0000000000,0.4899163954
13862.0000000000,0.1396590848
13863.0000000000,0.1163314498
13864.0000000000,0.3136051622
13865.0000000000,0.0615878566
13866.0000000000,0.3357891080
13867.0000000000,0.4109418346
13868.0000000000,0.2936288736
13869.0000000000,0.2193396132
13870.0000000000,0.1865522842
13871.0000000000,0.1410675867
13872.0000000000,0.0932894448
13873.0000000000,0.2749600577
13874.0000000000,0.1398426873
13875.0000000000,0.2323697016
13876.0000000000,0.2602070261
13877.0000000000,0.2871489660
13878.0000000000,0.1849623651
13879.0000000000,0.5399952944
13880.0000000000,0.1419217151
13881.0000000000,0.3132996434
13882.0000000000,0.3156576014
13883.0000000000,0.2244569922
13884.0000000000,0.2308693068
13885.0000000000,0.2776683361
13886.0000000000,0.2747791378
13887.0000000000,0.3562234497
13888.0000000000,0.1850894824
13889.0000000000,0.6618272327
13890.0000000000,0.1953697797
13891.0000000000,0.3372588149
13892.0000000000,0.0886382799
13893.0000000000,0.6400171663
13894.0000000000,0.1305529225
13895.0000000000,0.0937713443
13896.0000000000,0.4208557954
13897.0000000000,0.2977011707
13898.0000000000,0.3367165094
13899.0000000000,0.2491564144
13900.0000000000,0.2430502467
13901.0000000000,0.5922374839
13902.0000000000,0.1217563259
13903.0000000000,0.1908023809
13904.0000000000,0.5892366371
13905.0000000000,0.1717052146
13906.0000000000,0.1762102248
13907.0000000000,0.5571703997
13908.0000000000,0.5786537545
13909.0000000000,0.2569844918
13910.0000000000,0.3887908119
13911.0000000000,0.4548075378
13912.0000000000,0.0514539698
13913.0000000000,0.5424571274
13914.0000000000,0.2416446696
13915.0000000000,0.6297638907
13916.0000000000,0.2271284420
13917.0000000000,0.0939546535
13918.0000000000,0.3139558259
13919.0000000000,0.3606121702
13920.0000000000,0.4169313777
13921.0000000000,0.1831135206
13922.0000000000,0.4672115085
13923.0000000000,0.2708310543
13924.0000000000,0.0890326374
13925.0000000000,0.2864542774
13926.0000000000,0.1588837423
13927.0000000000,0.5019912811
13928.0000000000,0.1373217099
13929.0000000000,0.0760855843
13930.0000000000,0.3857500105
13931.0000000000,0.6859157403
13932.0000000000,0.0857095605
13933.0000000000,0.0434580452
13934.0000000000,0.5233263972
13935.0000000000,0.3739650023
13936.0000000000,0.2341423025
13937.0000000000,0.4017388971
13938.0000000000,0.6990844020
13939.0000000000,0.4753723826
13940.0000000000,0.5547624646
13941.0000000000,0.0971042838
13942.0000000000,0.3988252502
13943.0000000000,0.1901003092
13944.0000000000,0.4270911406
13945.0000000000,0.0940908459
13946.0000000000,0.1463745699
13947.0000000000,0.7671134464
13948.0000000000,0.2882324476
13949.0000000000,0.2447310250
13950.0000000000,0.3690555164
13951.0000000000,0.1627968573
13952.0000000000,0.1919400496
13953.0000000000,0.1773767798
13954.0000000000,0.3975350040
13955.0000000000,0.1621761794
13956.0000000000,0.0779227849
13957.0000000000,0.3373994912
13958.0000000000,0.2959060793
13959.0000000000,0.1285315993
13960.0000000000,0.1674550139
13961.0000000000,0.4506617001
13962.0000000000,0.4531753300
13963.0000000000,0.7142938035
13964.0000000000,0.4387330721
13965.0000000000,0.5570539688
13966.0000000000,0.6106157493
13967.0000000000,0.1267453618
13968.0000000000,0.0916866051
13969.0000000000,0.0638768547
13970.0000000000,0.2852726992
13971.0000000000,0.4206557700
13972.0000000000,0.0886243185
13973.0000000000,0.1140320840
13974.0000000000,0.5158797440
13975.0000000000,0.2283832728
13976.0000000000,0.4686603463
13977.0000000000,0.3375203419
13978.0000000000,0.0373934760
13979.0000000000,0.3519455164
13980.0000000000,0.2317802902
13981.0000000000,0.4718386160
13982.0000000000,0.0891592045
13983.0000000000,0.4507951493
13984.0000000000,0.1841936576
13985.0000000000,0.2196674526
13986.0000000000,0.1987828257
13987.0000000000,0.5340345302
13988.0000000000,0.6816010183
13989.0000000000,0.2115545279
13990.0000000000,0.2426789667
13991.0000000000,0.2360351745
13992.0000000000,0.1917281709
13993.0000000000,0.0936656362
13994.0000000000,0.2060375137
13995.0000000000,0.4856467708
13996.0000000000,0.0678473545
13997.0000000000,0.3055638752
13998.0000000000,0.3266347469
13999.0000000000,0.2917103344
14000.0000000000,0.2529729862
14001.0000000000,0.2118932336
14002.0000000000,0.5026418104
14003.0000000000,0.7447038123
14004.0000000000,0.2537915637
14005.0000000000,0.5034913946
14006.0000000000,0.5626770589
14007.0000000000,0.1523570581
14008.0000000000,0.1903528843
14009.0000000000,0.6161260785
14010.0000000000,0.1516523817
14011.0000000000,0.2825075370
14012.0000000000,0.1731127148
14013.0000000000,0.3936932008
14014.0000000000,0.7121801342
14015.0000000000,0.1925150394
14016.0000000000,0.4466901883
14017.0000000000,0.1866979342
14018.0000000000,0.1829377874
14019.0000000000,0.1324938264
14020.0000000000,0.1837361704
14021.0000000000,0.2167504508
14022.0000000000,0.0735525382
14023.0000000000,0.4598486254
14024.0000000000,0.2039077255
14025.0000000000,0.5722298873
14026.0000000000,0.1602083280
14027.0000000000,0.0809600140
14028.0000000000,0.2445249563
14029.0000000000,0.4461219383
14030.0000000000,0.1670028374
14031.0000000000,0.5934836334
14032.0000000000,0.1893160825
14033.0000000000,0.3719830079
14034.0000000000,0.4025214375
14035.0000000000,0.6676072248
14036.0000000000,0.4531193659
14037.0000000000,0.2569887349
14038.0000000000,0.1445513123
14039.0000000000,0.3998901553
14040.0000000000,0.3046966534
14041.0000000000,0.2945606031
14042.0000000000,0.1311722920
14043.0000000000,0.1727853864
14044.0000000000,0.3348888463
14045.0000000000,0.1915625474
14046.0000000000,0.3933681436
14047.0000000000,0.4708020429
14048.0000000000,0.0972769146
14049.0000000000,0.1965023213
14050.0000000000,0.2644685245
14051.0000000000,0.2389301270
14052.0000000000,0.1531391272
14053.0000000000,0.6195162453
14054.0000000000,0.1930552582
14055.0000000000,0.4548750542
14056.0000000000,0.2747261888
14057.0000000000,0.1417513411
14058.0000000000,0.4076745493
14059.0000000000,0.0648029123
14060.0000000000,0.2512775024
14061.0000000000,0.1326710175
14062.0000000000,0.2683212191
14063.0000000000,0.0870970736
14064.0000000000,0.2283172314
14065.0000000000,0.6645300398
14066.0000000000,0.1017842898
14067.0000000000,0.1895368597
14068.0000000000,0.6057077661
14069.0000000000,0.2670233715
14070.0000000000,0.1294674131
14071.0000000000,0.3546381390
14072.0000000000,0.5427265509
14073.0000000000,0.6001613927
14074.0000000000,0.2141566763
14075.0000000000,0.1731480720
14076.0000000000,0.0911809267
14077.0000000000,0.0401771618
14078.0000000000,0.6411902020
14079.0000000000,0.3936545208
14080.0000000000,0.5931076881
14081.0000000000,0.4048104751
14082.0000000000,0.3105703601
14083.0000000000,0.0552819919
14084.0000000000,0.1411756343
14085.0000000000,0.1323679008
14086.0000000000,0.3075370431
14087.0000000000,0.3248838094
14088.0000000000,0.1732468827
14089.0000000000,0.1272512809
14090.0000000000,0.8535239444
14091.0000000000,0.2127234702
14092.0000000000,0.5476550340
14093.0000000000,0.2572391933
14094.0000000000,0.1409326800
14095.0000000000,0.2292514944
14096.0000000000,0.1837190548
14097.0000000000,0.2319525937
14098.0000000000,0.4688398528
14099.0000000000,0.1263602502
14100.0000000000,0.0843736266
14101.0000000000,0.0931584411
14102.0000000000,0.2850463500
14103.0000000000,0.0605589435
14104.0000000000,0.4540105023
14105.0000000000,0.2355611256
14106.0000000000,0.1223808359
14107.0000000000,0.2363085081
14108.0000000000,0.5069351178
14109.0000000000,0.1106317889
14110.0000000000,0.1835683479
14111.0000000000,0.6096165709
14112.0000000000,0.1410363098
14113.0000000000,0.6690597101
14114.0000000000,0.3664737517
14115.0000000000,0.6953849240
14116.0000000000,0.4394377117
14117.0000000000,0.1387054580
14118.0000000000,0.2644333205
14119.0000000000,0.2376412323
14120.0000000000,0.3591459185
14121.0000000000,0.1519236674
14122.0000000000,0.2346648613
14123.0000000000,0.6989887398
14124.0000000000,0.2052911422
14125.0000000000,0.7626874061
14126.0000000000,0.1094815368
14127.0000000000,0.1686589201
14128.0000000000,0.5761199284
14129.0000000000,0.1731183647
14130.0000000000,0.3506095062
14131.0000000000,0.3682754074
14132.0000000000,0.2692398027
14133.0000000000,0.1615633411
14134.0000000000,0.6680487280
14135.0000000000,0.0534508607
14136.0000000000,0.1505627338
14137.0000000000,0.6584585417
14138.0000000000,0.1273616965
14139.0000000000,0.1685721085
14140.0000000000,0.4439782129
14141.0000000000,0.1365248928
14142.0000000000,0.1133115315
14143.0000000000,0.2223558117
14144.0000000000,0.4961958474
14145.0000000000,0.1763650501
14146.0000000000,0.7285823762
14147.0000000000,0.2323866723
14148.0000000000,0.4440174451
14149.0000000000,0.0715507884
14150.0000000000,0.4839451893
14151.0000000000,0.1568364774
14152.0000000000,0.3621738573
14153.0000000000,0.3430649453
14154.0000000000,0.2412065498
14155.0000000000,0.2850456460
14156.0000000000,0.1408436744
14157.0000000000,0.3616243938
14158.0000000000,0.0924173058
14159.0000000000,0.7358927152
14160.0000000000,0.2914206308
14161.0000000000,0.1367464074
14162.0000000000,0.3138661404
14163.0000000000,0.4343170467
14164.0000000000,0.0963766550
14165.0000000000,0.1185240396
14166.0000000000,0.0839308468
14167.0000000000,0.1835084507
14168.0000000000,0.2492479484
14169.0000000000,0.1255211704
14170.0000000000,0.5651387247
14171.0000000000,0.5846834437
14172.0000000000,0.1111571548
14173.0000000000,0.2913943017
14174.0000000000,0.7560879248
14175.0000000000,0.4968538778
14176.0000000000,0.1841490793
14177.0000000000,0.2716700795
14178.0000000000,0.6401771057
14179.0000000000,0.3859013134
14180.0000000000,0.2872489239
14181.0000000000,0.3054442710
14182.0000000000,0.1691300329
14183.0000000000,0.3113124566
14184.0000000000,0.1931095277
14185.0000000000,0.0711631136
14186.0000000000,0.4110933860
14187.0000000000,0.3762436542
14188.0000000000,0.0473896219
14189.0000000000,0.2704338423
14190.0000000000,0.1757215847
14191.0000000000,0.3377502911
14192.0000000000,0.1763552992
14193.0000000000,0.1623807056
14194.0000000000,0.5128126594
14195.0000000000,0.1892498544
14196.0000000000,0.1435827844
14197.0000000000,0.2327411301
14198.0000000000,0.2390461385
14199.0000000000,0.5164210673
14200.0000000000,0.1641496804
14201.0000000000,0.3589934417
14202.0000000000,0.2269736478
14203.0000000000,0.0948161027
14204.0000000000,0.2921151692
14205.0000000000,0.4351208685
14206.0000000000,0.1643074900
14207.0000000000,0.4042917528
14208.0000000000,0.0651665949
14209.0000000000,0.0633063095
14210.0000000000,0.3018089729
14211.0000000000,0.6670244794
14212.0000000000,0.6645250875
14213.0000000000,0.1864248318
14214.0000000000,0.1681186444
14215.0000000000,0.0970029279
14216.0000000000,0.1728043193
14217.0000000000,0.4760514102
14218.0000000000,0.3750229040
14219.0000000000,0.3582098425
14220.0000000000,0.3544006724
14221.0000000000,0.4291738055
14222.0000000000,0.3809172768
14223.0000000000,0.1979537554
14224.0000000000,0.1208850930
14225.0000000000,0.1094765886
14226.0000000000,0.1352194394
14227.0000000000,0.0855841422
14228.0000000000,0.2380607429
14229.0000000000,0.1928772929
14230.0000000000,0.5054418027
14231.0000000000,0.2042542933
14232.0000000000,0.2390660963
14233.0000000000,0.1727819144
14234.0000000000,0.2877090292
14235.0000000000,0.2624723327
14236.0000000000,0.1575425782
14237.0000000000,0.5350947139
14238.0000000000,0.3496387324
14239.0000000000,0.1232603689
14240.0000000000,0.1617254564
14241.0000000000,0.3734881329
14242.0000000000,0.3047805315
14243.0000000000,0.6318169955
14244.0000000000,0.1859862678
14245.0000000000,0.0661036586
14246.0000000000,0.2062069863
14247.0000000000,0.3413801125
14248.0000000000,0.5550774203
14249.0000000000,0.2425239862
14250.0000000000,0.3849926536
14251.0000000000,0.2698808467
14252.0000000000,0.5280230298
14253.0000000000,0.3441218731
14254.0000000000,0.3746202180
14255.0000000000,0.1445221465
14256.0000000000,0.2697462055
14257.0000000000,0.7974691520
14258.0000000000,0.5857257041
14259.0000000000,0.1221589226
14260.0000000000,0.1624513835
14261.0000000000,0.1675694783
14262.0000000000,0.4453019762
14263.0000000000,0.3586302200
14264.0000000000,0.2528520418
14265.0000000000,0.2502502773
14266.0000000000,0.0498407856
14267.0000000000,0.2504473693
14268.0000000000,0.2861718561
14269.0000000000,0.0590019464
14270.0000000000,0.1217833840
14271.0000000000,0.1173628134
14272.0000000000,0.4151437057
14273.0000000000,0.0895849209
14274.0000000000,0.4282675756
14275.0000000000,0.0342291305
14276.0000000000,0.3108969795
14277.0000000000,0.0684549232
14278.0000000000,0.2804431495
14279.0000000000,0.0952930912
14280.0000000000,0.5266991465
14281.0000000000,0.1101837319
14282.0000000000,0.7454018381
14283.0000000000,0.2819959639
14284.0000000000,0.1263480949
14285.0000000000,0.5458010576
14286.0000000000,0.3871969382
14287.0000000000,0.2910692282
14288.0000000000,0.2644418945
14289.0000000000,0.1487362283
14290.0000000000,0.0770557680
14291.0000000000,0.4995162128
14292.0000000000,0.3283325403
14293.0000000000,0.4179090558
14294.0000000000,0.4462047499
14295.0000000000,0.0841998947
14296.0000000000,0.2399767028
14297.0000000000,0.2870834306
14298.0000000000,0.7921881225
14299.0000000000,0.3461176047
14300.0000000000,0.8595300799
14301.0000000000,0.0046928506
14302.0000000000,0.0894318417
14303.0000000000,0.6648919852
14304.0000000000,0.1684165471
14305.0000000000,0.1116091350
14306.0000000000,0.1649648278
14307.0000000000,0.2669423764
14308.0000000000,0.1332805511
14309.0000000000,0.3022393158
14310.0000000000,0.2691010033
14311.0000000000,0.3438554677
14312.0000000000,0.0856126371
14313.0000000000,0.1949156316
14314.0000000000,0.1072150777
14315.0000000000,0.0497791381
14316.0000000000,0.0886284102
14317.0000000000,0.1036389434
14318.0000000000,0.4905756425
14319.0000000000,0.5310215341
14320.0000000000,0.6237001325
14321.0000000000,0.1723657684
14322.0000000000,0.3463942794
14323.0000000000,0.4426604370
14324.0000000000,0.6075200132
14325.0000000000,0.2021176024
14326.0000000000,0.1274201954
14327.0000000000,0.3179087881
14328.0000000000,0.0819317710
14329.0000000000,0.5939475247
14330.0000000000,0.2934545748
14331.0000000000,0.3180048777
14332.0000000000,0.3747415015
14333.0000000000,0.1460570687
14334.0000000000,0.3285916306
14335.0000000000,0.1546870840
14336.0000000000,0.3009503615
14337.0000000000,0.1254440151
14338.0000000000,0.1077780834
14339.0000000000,0.2019566415
14340.0000000000,0.3610446441
14341.0000000000,0.3470625973
14342.0000000000,0.5238256952
14343.0000000000,0.1819571614
14344.0000000000,0.1735299270
14345.0000000000,0.1067478355
14346.0000000000,0.6376854825
14347.0000000000,0.4173762123
14348.0000000000,0.1885362077
14349.0000000000,0.2098500300
14350.0000000000,0.1077091449
14351.0000000000,0.4146502482
14352.0000000000,0.5567198209
14353.0000000000,0.2118830740
14354.0000000000,0.3363321954
14355.0000000000,0.3997686239
14356.0000000000,0.1986646777
14357.0000000000,0.3414033405
14358.0000000000,0.0634618856
14359.0000000000,0.2049204716
14360.0000000000,0.4705874926
14361.0000000000,0.6916979080
14362.0000000000,0.2880222662
14363.0000000000,0.2138432641
14364.0000000000,0.3181368516
14365.0000000000,0.5660856781
14366.0000000000,0.0339685242
14367.0000000000,0.1535395911
14368.0000000000,0.4543479670
14369.0000000000,0.3790691206
14370.0000000000,0.4124684177
14371.0000000000,0.0823725256
14372.0000000000,0.3357872511
14373.0000000000,0.3477078292
14374.0000000000,0.3407670257
14375.0000000000,0.2787361389
14376.0000000000,0.4698246016
14377.0000000000,0.2955285975
14378.0000000000,0.5866663501
14379.0000000000,0.4462687442
14380.0000000000,0.3375119482
14381.0000000000,0.2519333228
14382.0000000000,0.1204011248
14383.0000000000,0.1774803758
14384.0000000000,0.2995387593
14385.0000000000,0.2542806573
14386.0000000000,0.0373110501
14387.0000000000,0.1745603867
14388.0000000000,0.7643175508
14389.0000000000,0.7533335176
14390.0000000000,0.3353567360
14391.0000000000,0.3710821827
14392.0000000000,0.3896096473
14393.0000000000,0.6023652920
14394.0000000000,0.4766763329
14395.0000000000,0.3712305261
14396.0000000000,0.1928412129
14397.0000000000,0.1642561728
14398.0000000000,0.3697824759
14399.0000000000,0.0600722114
14400.0000000000,0.1436839306
14401.0000000000,0.0859384939
14402.0000000000,0.2539863396
14403.0000000000,0.3353784998
14404.0000000000,0.2776070963
14405.0000000000,0.4744304403
14406.0000000000,0.1393715444
14407.0000000000,0.1876332905
14408.0000000000,0.1519003146
14409.0000000000,0.1443150417
14410.0000000000,0.6035359638
14411.0000000000,0.4233453655
14412.0000000000,0.5706574994
14413.0000000000,0.2349427110
14414.0000000000,0.0943823736
14415.0000000000,0.4525845146
14416.0000000000,0.2756886775
14417.0000000000,0.5164026289
14418.0000000000,0.5538837998
14419.0000000000,0.3086407606
14420.0000000000,0.6558129413
14421.0000000000,0.1704311327
14422.0000000000,0.5606071309
14423.0000000000,0.4559357199
14424.0000000000,0.1062626991
14425.0000000000,0.4281142871
14426.0000000000,0.2269266413
14427.0000000000,0.2038148761
14428.0000000000,0.1604502783
14429.0000000000,0.4483937554
14430.0000000000,0.3926715071
14431.0000000000,0.4559930168
14432.0000000000,0.6058370680
14433.0000000000,0.2984941764
14434.0000000000,0.1063759394
14435.0000000000,0.4802475130
14436.0000000000,0.0663151002
14437.0000000000,0.1148166558
14438.0000000000,0.2709179482
14439.0000000000,0.2171180749
14440.0000000000,0.1200736021
14441.0000000000,0.6738272675
14442.0000000000,0.1709643365
14443.0000000000,0.3837809959
14444.0000000000,0.4204576368
14445.0000000000,0.1284699943
14446.0000000000,0.4454216918
14447.0000000000,0.1044034278
14448.0000000000,0.6469159504
14449.0000000000,0.0787972991
14450.0000000000,0.1841776575
14451.0000000000,0.4159208089
14452.0000000000,0.5026916179
14453.0000000000,0.0683135556
14454.0000000000,0.1967525834
14455.0000000000,0.0693392349
14456.0000000000,0.1914601588
14457.0000000000,0.2594476535
14458.0000000000,0.2353221312
14459.0000000000,0.3091183053
14460.0000000000,0.4089690116
14461.0000000000,0.1993485893
14462.0000000000,0.2910647215
14463.0000000000,0.2574930578
14464.0000000000,0.1707747576
14465.0000000000,0.3799075211
14466.0000000000,0.2118195593
14467.0000000000,0.6742630191
14468.0000000000,0.2821719888
14469.0000000000,0.0724704693
14470.0000000000,0.5346217292
14471.0000000000,0.3285844329
14472.0000000000,0.1916892852
14473.0000000000,0.1624285348
14474.0000000000,0.0379502452
14475.0000000000,0.0802727910
14476.0000000000,0.3105255851
14477.0000000000,0.4961844666
14478.0000000000,0.3709675879
14479.0000000000,0.0854640901
14480.0000000000,0.1831738687
14481.0000000000,0.2436036139
14482.0000000000,0.2182948297
14483.0000000000,0.4381953984
14484.0000000000,0.1151305245
14485.0000000000,0.3077560915
14486.0000000000,0.1598013289
14487.0000000000,0.1457752154
14488.0000000000,0.3251122287
14489.0000000000,0.1597951854
14490.0000000000,0.0869226872
14491.0000000000,0.2165943429
14492.0000000000,0.1864702817
14493.0000000000,0.1308831773
14494.0000000000,0.2006202360
14495.0000000000,0.1722978139
14496.0000000000,0.2900503714
14497.0000000000,0.0351878185
14498.0000000000,0.0768801880
14499.0000000000,0.1446554993
14500.0000000000,0.5088711913
14501.0000000000,0.6081803169
14502.0000000000,0.6128762622
14503.0000000000,0.2490580217
14504.0000000000,0.0413358291
14505.0000000000,0.2547759670
14506.0000000000,0.5626312170
14507.0000000000,0.6530744071
14508.0000000000,0.5367628552
14509.0000000000,0.3272556930
14510.0000000000,0.1961389554
14511.0000000000,0.0469769943
14512.0000000000,0.0769143753
14513.0000000000,0.1509181080
14514.0000000000,0.0990892498
14515.0000000000,0.4276777613
14516.0000000000,0.4393520693
14517.0000000000,0.8252953885
14518.0000000000,0.3466215764
14519.0000000000,0.0809874327
14520.0000000000,0.3781586251
14521.0000000000,0.1819532871
14522.0000000000,0.2568158743
14523.0000000000,0.4792072656
14524.0000000000,0.7330998575
14525.0000000000,0.7145937590
14526.0000000000,0.4955896646
14527.0000000000,0.1383800350
14528.0000000000,0.1475654693
14529.0000000000,0.2077725734
14530.0000000000,0.1770384566
14531.0000000000,0.1286654324
14532.0000000000,0.2966604926
14533.0000000000,0.4557267843
14534.0000000000,0.4868276195
14535.0000000000,0.0255041260
14536.0000000000,0.3661290151
14537.0000000000,0.1560790283
14538.0000000000,0.3513590833
14539.0000000000,0.0840955532
14540.0000000000,0.0711950684
14541.0000000000,0.2104182341
14542.0000000000,0.0692008288
14543.0000000000,0.5284171244
14544.0000000000,0.1123592249
14545.0000000000,0.0312599620
14546.0000000000,0.2900016113
14547.0000000000,0.0549793665
14548.0000000000,0.2479038876
14549.0000000000,0.3383025177
14550.0000000000,0.2166389828
14551.0000000000,0.1255541557
14552.0000000000,0.1295066236
14553.0000000000,0.2733032332
14554.0000000000,0.5011249204
14555.0000000000,0.3917830423
14556.0000000000,0.1760140616
14557.0000000000,0.0882589743
14558.0000000000,0.1147263826
14559.0000000000,0.4983130183
14560.0000000000,0.3866811223
14561.0000000000,0.2366576561
14562.0000000000,0.1968528563
14563.0000000000,0.1661661888
14564.0000000000,0.0624690612
14565.0000000000,0.3874422986
14566.0000000000,0.1298655971
14567.0000000000,0.1082603926
14568.0000000000,0.2508189426
14569.0000000000,0.0800949480
14570.0000000000,0.4573499028
14571.0000000000,0.1491041070
14572.0000000000,0.0991993679
14573.0000000000,0.3824774050
14574.0000000000,0.0823667714
14575.0000000000,0.1302972242
14576.0000000000,0.3074036263
14577.0000000000,0.1613842045
14578.0000000000,0.0735063832
14579.0000000000,0.1991631677
14580.0000000000,0.1682021810
14581.0000000000,0.4314942438
14582.0000000000,0.3771464707
14583.0000000000,0.3458547726
14584.0000000000,0.0520994914
14585.0000000000,0.3174265728
14586.0000000000,0.1229716757
14587.0000000000,0.2887379239
14588.0000000000,0.3880398036
14589.0000000000,0.4084937168
14590.0000000000,0.3204836938
14591.0000000000,0.1383084420
14592.0000000000,0.0878906632
14593.0000000000,0.5150589056
14594.0000000000,0.0919703284
14595.0000000000,0.2912588432
14596.0000000000,0.2039088540
14597.0000000000,0.5068882889
14598.0000000000,0.1535900555
14599.0000000000,0.2158215671
14600.0000000000,0.5355335354
14601.0000000000,0.2180518021
14602.0000000000,0.2721504359
14603.0000000000,0.3735511519
14604.0000000000,0.1254894470
14605.0000000000,0.0660287127
14606.0000000000,0.3541395798
14607.0000000000,0.6104616303
14608.0000000000,0.3434219469
14609.0000000000,0.2041868036
14610.0000000000,0.4138260495
14611.0000000000,0.1052420623
14612.0000000000,0.1945659923
14613.0000000000,0.2287828605
14614.0000000000,0.0712116408
14615.0000000000,0.2122152834
14616.0000000000,0.4246218266
14617.0000000000,0.4263254746
14618.0000000000,0.1701252290
14619.0000000000,0.1287202651
14620.0000000000,0.1657618997
14621.0000000000,0.3469414837
14622.0000000000,0.4029428030
14623.0000000000,0.1467732613
14624.0000000000,0.4791726596
14625.0000000000,0.5912378888
14626.0000000000,0.2807273270
14627.0000000000,0.2636301518
14628.0000000000,0.1818065618
14629.0000000000,0.1969817857
14630.0000000000,0.1252571815
14631.0000000000,0.5252548569
14632.0000000000,0.2287221509
14633.0000000000,0.1401299588
14634.0000000000,0.4960514573
14635.0000000000,0.4631042906
14636.0000000000,0.3325177096
14637.0000000000,0.4503497321
14638.0000000000,0.4811073358
14639.0000000000,0.0248310760
14640.0000000000,0.0642143040
14641.0000000000,0.3468399381
14642.0000000000,0.3908120020
14643.0000000000,0.3481205030
14644.0000000000,0.1088698185
14645.0000000000,0.1901962654
14646.0000000000,0.0989065834
14647.0000000000,0.3951817112
14648.0000000000,0.2417906192
14649.0000000000,0.5188160347
14650.0000000000,0.0639151240
14651.0000000000,0.3073965945
14652.0000000000,0.3015374993
14653.0000000000,0.2219968452
14654.0000000000,0.1903654447
14655.0000000000,0.2492535294
14656.0000000000,0.3822598216
14657.0000000000,0.5717941347
14658.0000000000,0.5459029339
14659.0000000000,0.1352590160
14660.0000000000,0.4525912749
14661.0000000000,0.0823321637
14662.0000000000,0.3830715566
14663.0000000000,0.2112715755
14664.0000000000,0.3493667879
14665.0000000000,0.3776874143
14666.0000000000,0.1808370875
14667.0000000000,0.0921229232
14668.0000000000,0.3829015756
14669.0000000000,0.0622247560
14670.0000000000,0.0642144458
14671.0000000000,0.1201577729
14672.0000000000,0.1389800494
14673.0000000000,0.1945878387
14674.0000000000,0.3204166741
14675.0000000000,0.3611771592
14676.0000000000,0.1840482822
14677.0000000000,0.4121884065
14678.0000000000,0.5446255858
14679.0000000000,0.2094325919
14680.0000000000,0.4112317897
14681.0000000000,0.4126120275
14682.0000000000,0.5713278307
14683.0000000000,0.3891337465
14684.0000000000,0.4236459745
14685.0000000000,0.2669555755
14686.0000000000,0.3029476433
14687.0000000000,0.3818565051
14688.0000000000,0.0533563323
14689.0000000000,0.8001400018
14690.0000000000,0.3087704653
14691.0000000000,0.2383187843
14692.0000000000,0.2864172940
14693.0000000000,0.0883931988
14694.0000000000,0.3324204286
14695.0000000000,0.5782983542
14696.0000000000,0.0628982699
14697.0000000000,0.1859168193
14698.0000000000,0.8879089979
14699.0000000000,0.2696362857
14700.0000000000,0.2049524773
14701.0000000000,0.4945469356
14702.0000000000,0.2159550551
14703.0000000000,0.1709888230
14704.0000000000,0.1097126408
14705.0000000000,0.6554295835
14706.0000000000,0.2043093182
14707.0000000000,0.1429922651
14708.0000000000,0.2137628606
14709.0000000000,0.5210718950
14710.0000000000,0.1040519774
14711.0000000000,0.0858017531
14712.0000000000,0.5936009626
14713.0000000000,0.5171823054
14714.0000000000,0.4907620046
14715.0000000000,0.1882747626
14716.0000000000,0.1195545467
14717.0000000000,0.5617975634
14718.0000000000,0.3154317730
14719.0000000000,0.4303456452
14720.0000000000,0.4833051059
14721.0000000000,0.6047697913
14722.0000000000,0.5822268265
14723.0000000000,0.0603610662
14724.0000000000,0.2552972542
14725.0000000000,0.1161882878
14726.0000000000,0.1376794667
14727.0000000000,0.4473618215
14728.0000000000,0.2730553150
14729.0000000000,0.1420085216
14730.0000000000,0.2339247167
14731.0000000000,0.3739028070
14732.0000000000,0.1567377002
14733.0000000000,0.7068050148
14734.0000000000,0.7678867221
14735.0000000000,0.6836261251
14736.0000000000,0.1371781174
14737.0000000000,0.5832268785
14738.0000000000,0.1950688298
14739.0000000000,0.2033937150
14740.0000000000,0.1186070133
14741.0000000000,0.1079518614
14742.0000000000,0.0976652159
14743.0000000000,0.1650109650
14744.0000000000,0.4798459323
14745.0000000000,0.5930163708
14746.0000000000,0.3947533761
14747.0000000000,0.1256679462
14748.0000000000,0.3660449433
14749.0000000000,0.0449793540
14750.0000000000,0.2254025182
14751.0000000000,0.1852693027
14752.0000000000,0.5893148068
14753.0000000000,0.1232770791
14754.0000000000,0.5198438003
14755.0000000000,0.5128953164
14756.0000000000,0.1834935081
14757.0000000000,0.1022789256
14758.0000000000,0.1836409326
14759.0000000000,0.4331102960
14760.0000000000,0.2326655330
14761.0000000000,0.2104584652
14762.0000000000,0.3940786371
14763.0000000000,0.2030539172
14764.0000000000,0.4447758043
14765.0000000000,0.4733497788
14766.0000000000,0.1718941218
14767.0000000000,0.4960996698
14768.0000000000,0.1322756891
14769.0000000000,0.2766243559
14770.0000000000,0.2388908754
14771.0000000000,0.3775428189
14772.0000000000,0.3403191359
14773.0000000000,0.3250791184
14774.0000000000,0.3197675224
14775.0000000000,0.2461755888
14776.0000000000,0.4200545481
14777.0000000000,0.2029403542
14778.0000000000,0.2191616786
14779.0000000000,0.1046062084
14780.0000000000,0.1980375476
14781.0000000000,0.3041454124
14782.0000000000,0.2536759147
14783.0000000000,0.1570920623
14784.0000000000,0.2416433940
14785.0000000000,0.1743898441
14786.0000000000,0.2961630294
14787.0000000000,0.0765472786
14788.0000000000,0.2953062060
14789.0000000000,0.2723300244
14790.0000000000,0.1244518412
14791.0000000000,0.4236199124
14792.0000000000,0.1388448822
14793.0000000000,0.3018994036
14794.0000000000,0.2568412040
14795.0000000000,0.1675349813
14796.0000000000,0.2980774588
14797.0000000000,0.3739214597
14798.0000000000,0.4012165075
14799.0000000000,0.4547710087
14800.0000000000,0.2060739876
14801.0000000000,0.1379359519
14802.0000000000,0.0752572073
14803.0000000000,0.2858274961
14804.0000000000,0.1590620726
14805.0000000000,0.3373216764
14806.0000000000,0.1762619484
14807.0000000000,0.5045686564
14808.0000000000,0.0258085615
14809.0000000000,0.0723446145
14810.0000000000,0.1851239918
14811.0000000000,0.4975151099
14812.0000000000,0.1223565473
14813.0000000000,0.2026039444
14814.0000000000,0.1224012863
14815.0000000000,0.3366593609
14816.0000000000,0.5046247834
14817.0000000000,0.6483570844
14818.0000000000,0.4480122726
14819.0000000000,0.0660962120
14820.0000000000,0.2264058722
14821.0000000000,0.4028460080
14822.0000000000,0.3556089294
14823.0000000000,0.4751127144
14824.0000000000,0.4711916542
14825.0000000000,0.2427381141
14826.0000000000,0.3505622465
14827.0000000000,0.2259895930
14828.0000000000,0.2466925964
14829.0000000000,0.5500727220
14830.0000000000,0.4105726235
14831.0000000000,0.1633549777
14832.0000000000,0.4825198849
14833.0000000000,0.5417649842
14834.0000000000,0.6297505879
14835.0000000000,0.4356041153
14836.0000000000,0.3847739200
14837.0000000000,0.1553849058
14838.0000000000,0.3150376747
14839.0000000000,0.2315226612
14840.0000000000,0.4549535938
14841.0000000000,0.1074630377
14842.0000000000,0.3339045363
14843.0000000000,0.3608544325
14844.0000000000,0.4735636719
14845.0000000000,0.4227179645
14846.0000000000,0.3689457229
14847.0000000000,0.2142260275
14848.0000000000,0.3375877857
14849.0000000000,0.3389152404
14850.0000000000,0.3102619895
14851.0000000000,0.4727612745
14852.0000000000,0.1422302978
14853.0000000000,0.4091516800
14854.0000000000,0.3724998426
14855.0000000000,0.1192395850
14856.0000000000,0.1489447198
14857.0000000000,0.2173884994
14858.0000000000,0.2610724964
14859.0000000000,0.3968066120
14860.0000000000,0.6683273699
14861.0000000000,0.2513170894
14862.0000000000,0.1344872871
14863.0000000000,0.4454792977
14864.0000000000,0.2122701605
14865.0000000000,0.1739895712
14866.0000000000,0.2275032037
14867.0000000000,0.1628372293
14868.0000000000,0.3108473084
14869.0000000000,0.2999181410
14870.0000000000,0.2628432181
14871.0000000000,0.1638624293
14872.0000000000,0.1416588077
14873.0000000000,0.4672664070
14874.0000000000,0.1286239925
14875.0000000000,0.1873603068
14876.0000000000,0.2120557286
14877.0000000000,0.1948920220
14878.0000000000,0.4392584172
14879.0000000000,0.0858654347
14880.0000000000,0.3093075122
14881.0000000000,0.3174365653
14882.0000000000,0.1130339949
14883.0000000000,0.0425282820
14884.0000000000,0.2638910668
14885.0000000000,0.1875971795
14886.0000000000,0.4707023252
14887.0000000000,0.2236589002
14888.0000000000,0.1841963590
14889.0000000000,0.3058702322
14890.0000000000,0.1978434520
14891.0000000000,0.9449656831
14892.0000000000,0.4424492864
14893.0000000000,0.2392973214
14894.0000000000,0.6145614877
14895.0000000000,0.4081477150
14896.0000000000,0.3891563517
14897.0000000000,0.5002343954
14898.0000000000,0.0712305354
14899.0000000000,0.6557310247
14900.0000000000,0.6119594780
14901.0000000000,0.0474134021
14902.0000000000,0.3710425613
14903.0000000000,0.1237335409
14904.0000000000,0.5482699533
14905.0000000000,0.1846347648
14906.0000000000,0.2812381545
14907.0000000000,0.4666882838
14908.0000000000,0.0883600489
14909.0000000000,0.2915942981
14910.0000000000,0.2661068719
14911.0000000000,0.1952422580
14912.0000000000,0.3559114934
14913.0000000000,0.6129749398
14914.0000000000,0.5731284141
14915.0000000000,0.6095162642
14916.0000000000,0.6752916513
14917.0000000000,0.4548582477
14918.0000000000,0.2958693167
14919.0000000000,0.0795661025
14920.0000000000,0.1068729735
14921.0000000000,0.1624919763
14922.0000000000,0.0671995717
14923.0000000000,0.4754709812
14924.0000000000,0.1435055308
14925.0000000000,0.3505289341
14926.0000000000,0.3003337874
14927.0000000000,0.3499112078
14928.0000000000,0.2268963838
14929.0000000000,0.0727561415
14930.0000000000,0.8761802455
14931.0000000000,0.4416053407
14932.0000000000,0.0881134705
14933.0000000000,0.3428639607
14934.0000000000,0.0735686497
14935.0000000000,0.4974426731
14936.0000000000,0.5404400681
14937.0000000000,0.3695740865
14938.0000000000,0.4426070291
14939.0000000000,0.4411173000
14940.0000000000,0.3651533614
14941.0000000000,0.4458784182
14942.0000000000,0.8268282538
14943.0000000000,0.2096682077
14944.0000000000,0.0606578104
14945.0000000000,0.1509183431
14946.0000000000,0.2206235543
14947.0000000000,0.3390687299
14948.0000000000,0.7755242227
14949.0000000000,0.1099233306
14950.0000000000,0.7682141666
14951.0000000000,0.3600830772
14952.0000000000,0.0737043725
14953.0000000000,0.4443764337
14954.0000000000,0.7610316666
14955.0000000000,0.0539469011
14956.0000000000,0.2148395358
14957.0000000000,0.6329289800
14958.0000000000,0.1128846947
14959.0000000000,0.0756697941
14960.0000000000,0.1882808814
14961.0000000000,0.0969908475
14962.0000000000,0.3021827951
14963.0000000000,0.2570292531
14964.0000000000,0.5101978800
14965.0000000000,0.1552382381
14966.0000000000,0.7041804116
14967.0000000000,0.5690670833
14968.0000000000,0.2188178674
14969.0000000000,0.2585887492
14970.0000000000,0.3611969430
14971.0000000000,0.2749385980
14972.0000000000,0.3671983082
14973.0000000000,0.1828845634
14974.0000000000,0.1607610771
14975.0000000000,0.7910136149
14976.0000000000,0.2121036813
14977.0000000000,0.3222059989
14978.0000000000,0.1139902896
14979.0000000000,0.2021043795
14980.0000000000,0.1199092817
14981.0000000000,0.5607267452
14982.0000000000,0.2116486970
14983.0000000000,0.2410314463
14984.0000000000,0.2000591922
14985.0000000000,0.1356011205
14986.0000000000,0.2877251030
14987.0000000000,0.3956755647
14988.0000000000,0.5132233920
14989.0000000000,0.1309471914
14990.0000000000,0.3906693701
14991.0000000000,0.4286285060
14992.0000000000,0.2097088332
14993.0000000000,0.4611823403
14994.0000000000,0.3285130479
14995.0000000000,0.2256938114
14996.0000000000,0.1044358201
14997.0000000000,0.7190033466
14998.0000000000,0.2110228522
14999.0000000000,0.2222379653
15000.0000000000,0.3718182521
15001.0000000000,0.2943125427
15002.0000000000,0.3869631107
15003.0000000000,0.5125838116
15004.0000000000,0.2753663866
15005.0000000000,0.3393127166
15006.0000000000,0.7596342969
15007.0000000000,0.5048321035
15008.0000000000,0.2419219065
15009.0000000000,0.1791581353
15010.0000000000,0.2742329430
15011.0000000000,0.1560146718
15012.0000000000,0.4522414335
15013.0000000000,0.0588487646
15014.0000000000,0.1607530860
15015.0000000000,0.2303843440
15016.0000000000,0.1286961842
15017.0000000000,0.1798539143
15018.0000000000,0.1670055093
15019.0000000000,0.2291274974
15020.0000000000,0.3108536483
15021.0000000000,0.1510789377
15022.0000000000,0.1163660632
15023.0000000000,0.1004247024
15024.0000000000,0.1145497414
15025.0000000000,0.4616035747
15026.0000000000,0.3672949717
15027.0000000000,0.4113745300
15028.0000000000,0.6707849811
15029.0000000000,0.1214865248
15030.0000000000,0.6121035514
15031.0000000000,0.6511865479
15032.0000000000,0.0773724371
15033.0000000000,0.1206151357
15034.0000000000,0.2000146941
15035.0000000000,0.4531147106
15036.0000000000,0.3981782757
15037.0000000000,0.1422822425
15038.0000000000,0.1963340945
15039.0000000000,0.5759007928
15040.0000000000,0.3097999229
15041.0000000000,0.2382832793
15042.0000000000,0.2398073065
15043.0000000000,0.0590430853
15044.0000000000,0.1835179866
15045.0000000000,0.2140056189
15046.0000000000,0.6507452845
15047.0000000000,0.4461335117
15048.0000000000,0.7565548426
15049.0000000000,0.2928536563
15050.0000000000,0.2479358598
15051.0000000000,0.0166992370
15052.0000000000,0.1754050437
15053.0000000000,0.1578970123
15054.0000000000,0.6177800130
15055.0000000000,0.0569963475
15056.0000000000,0.5028712646
15057.0000000000,0.2937766791
15058.0000000000,0.2390829533
15059.0000000000,0.2476397274
15060.0000000000,0.3549783889
15061.0000000000,0.3942772886
15062.0000000000,0.2454494955
15063.0000000000,0.3042989775
15064.0000000000,0.0769696009
15065.0000000000,0.2061191262
15066.0000000000,0.3383317568
15067.0000000000,0.1360036995
15068.0000000000,0.0824941158
15069.0000000000,0.1652816106
15070.0000000000,0.2792825916
15071.0000000000,0.3293167958
15072.0000000000,0.1350482661
15073.0000000000,0.1697112040
15074.0000000000,0.6324855257
15075.0000000000,0.2059071431
15076.0000000000,0.4556183347
15077.0000000000,0.2325325390
15078.0000000000,0.3319467737
15079.0000000000,0.1646840901
15080.0000000000,0.5856132709
15081.0000000000,0.4954612275
15082.0000000000,0.2948257395
15083.0000000000,0.6080151717
15084.0000000000,0.2042581823
15085.0000000000,0.1686139441
15086.0000000000,0.1049210675
15087.0000000000,0.2325885800
15088.0000000000,0.1734997632
15089.0000000000,0.1416523936
15090.0000000000,0.3691626295
15091.0000000000,0.1717687858
15092.0000000000,0.3090592505
15093.0000000000,0.1447489083
15094.0000000000,0.1025768126
15095.0000000000,0.2672158765
15096.0000000000,0.4161733148
15097.0000000000,0.0786374302
15098.0000000000,0.4066161108
15099.0000000000,0.2023173418
15100.0000000000,0.5561877764
15101.0000000000,0.2664653498
15102.0000000000,0.1987669005
15103.0000000000,0.7760303465
15104.0000000000,0.2070514895
15105.0000000000,0.0648718157
15106.0000000000,0.1945090054
15107.0000000000,0.2507206573
15108.0000000000,0.5402655473
15109.0000000000,0.4755157024
15110.0000000000,0.1152446846
15111.0000000000,0.3339660289
15112.0000000000,0.6971759074
15113.0000000000,0.0982557256
15114.0000000000,0.3344615323
15115.0000000000,0.5206327846
15116.0000000000,0.1521742515
15117.0000000000,0.3689948693
15118.0000000000,0.0792055213
15119.0000000000,0.4719385250
15120.0000000000,0.0612510783
15121.0000000000,0.0848606820
15122.0000000000,0.3195550082
15123.0000000000,0.4315577180
15124.0000000000,0.0373326677
15125.0000000000,0.4439630873
15126.0000000000,0.3597248140
15127.0000000000,0.2126508564
15128.0000000000,0.6410611856
15129.0000000000,0.3759499686
15130.0000000000,0.1134120763
15131.0000000000,0.1578422134
15132.0000000000,0.4726511018
15133.0000000000,0.1076890116
15134.0000000000,0.2739521970
15135.0000000000,0.2222649653
15136.0000000000,0.6778850180
15137.0000000000,0.0692699255
15138.0000000000,0.3065687687
15139.0000000000,0.3121349583
15140.0000000000,0.4157623732
15141.0000000000,0.2648762283
15142.0000000000,0.0929384011
15143.0000000000,0.5183947933
15144.0000000000,0.3016887286
15145.0000000000,0.3228600333
15146.0000000000,0.1128333176
15147.0000000000,0.2912086343
15148.0000000000,0.2933731596
15149.0000000000,0.1252515553
15150.0000000000,0.1463583755
15151.0000000000,0.0874322098
15152.0000000000,0.3169598153
15153.0000000000,0.0513958522
15154.0000000000,0.3900079383
15155.0000000000,0.5866816112
15156.0000000000,0.3056970117
15157.0000000000,0.1268759949
15158.0000000000,0.0544684663
15159.0000000000,0.1142711442
15160.0000000000,0.7776426649
15161.0000000000,0.2635887139
15162.0000000000,0.2116318634
15163.0000000000,0.5046158983
15164.0000000000,0.3266015599
15165.0000000000,0.6259880802
15166.0000000000,0.5325765984
15167.0000000000,0.5652670324
15168.0000000000,0.3377629394
15169.0000000000,0.3332269158
15170.0000000000,0.1468214079
15171.0000000000,0.2285403697
15172.0000000000,0.5122158758
15173.0000000000,0.0924981909
15174.0000000000,0.8006974811
15175.0000000000,0.1402676083
15176.0000000000,0.5787632847
15177.0000000000,0.1169537771
15178.0000000000,0.1599582412
15179.0000000000,0.7753180356
15180.0000000000,0.2610520491
15181.0000000000,0.2498837037
15182.0000000000,0.3805440105
15183.0000000000,0.2289962235
15184.0000000000,0.1327817334
15185.0000000000,0.1569781478
15186.0000000000,0.1072408017
15187.0000000000,0.4163442914
15188.0000000000,0.0629401951
15189.0000000000,0.4364566369
15190.0000000000,0.3842274382
15191.0000000000,0.0998242371
15192.0000000000,0.3292582441
15193.0000000000,0.3234355796
15194.0000000000,0.6071262714
15195.0000000000,0.4453341983
15196.0000000000,0.1871091819
15197.0000000000,0.3569426112
15198.0000000000,0.1030782320
15199.0000000000,0.1219212653
15200.0000000000,0.3353925973
15201.0000000000,0.2116615821
15202.0000000000,0.1954927385
15203.0000000000,0.4529273733
15204.0000000000,0.1898787026
15205.0000000000,0.1711822728
15206.0000000000,0.3833126643
15207.0000000000,0.0700531368
15208.0000000000,0.5262556129
15209.0000000000,0.8389570140
15210.0000000000,0.6407307381
15211.0000000000,0.2652210559
15212.0000000000,0.4774654771
15213.0000000000,0.1880734381
15214.0000000000,0.2052818863
15215.0000000000,0.1760698431
15216.0000000000,0.1464227253
15217.0000000000,0.7629545540
15218.0000000000,0.3123778581
15219.0000000000,0.4171985754
15220.0000000000,0.1265411072
15221.0000000000,0.0623696863
15222.0000000000,0.0938900983
15223.0000000000,0.4629816569
15224.0000000000,0.0620153810
15225.0000000000,0.2257401367
15226.0000000000,0.2166867181
15227.0000000000,0.3820245105
15228.0000000000,0.4504769902
15229.0000000000,0.6096517158
15230.0000000000,0.3088616642
15231.0000000000,0.4920304011
15232.0000000000,0.2875355255
15233.0000000000,0.3306798311
15234.0000000000,0.1067258991
15235.0000000000,0.4500269800
15236.0000000000,0.2133807628
15237.0000000000,0.1608378645
15238.0000000000,0.3593828115
15239.0000000000,0.6278649905
15240.0000000000,0.3496514513
15241.0000000000,0.0756713904
15242.0000000000,0.1750465729
15243.0000000000,0.1996115097
15244.0000000000,0.0702479401
15245.0000000000,0.2254917669
15246.0000000000,0.3485213599
15247.0000000000,0.4992641691
15248.0000000000,0.0968529043
15249.0000000000,0.1042661605
15250.0000000000,0.3177329887
15251.0000000000,0.2121892039
15252.0000000000,0.4636625551
15253.0000000000,0.2404841464
15254.0000000000,0.3963206518
15255.0000000000,0.1622453617
15256.0000000000,0.4508361414
15257.0000000000,0.2297235018
15258.0000000000,0.0844925492
15259.0000000000,0.4126073977
15260.0000000000,0.1978807212
15261.0000000000,0.1782318196
15262.0000000000,0.1708372887
15263.0000000000,0.3552135900
15264.0000000000,0.1428654303
15265.0000000000,0.5066685362
15266.0000000000,0.6179096123
15267.0000000000,0.4106467467
15268.0000000000,0.2021741377
15269.0000000000,0.0349564423
15270.0000000000,0.3795966397
15271.0000000000,0.2244762051
15272.0000000000,0.7231228770
15273.0000000000,0.2756835460
15274.0000000000,0.0955898096
15275.0000000000,0.5789996255
15276.0000000000,0.2107125524
15277.0000000000,0.1952782183
15278.0000000000,0.5675959714
15279.0000000000,0.4823454169
15280.0000000000,0.1786121258
15281.0000000000,0.1818886292
15282.0000000000,0.1316820580
15283.0000000000,0.2355533262
15284.0000000000,0.2839134800
15285.0000000000,0.2637489935
15286.0000000000,0.2599758502
15287.0000000000,0.2440416451
15288.0000000000,0.0985402843
15289.0000000000,0.4853656037
15290.0000000000,0.2243882129
15291.0000000000,0.1830930314
15292.0000000000,0.3273609084
15293.0000000000,0.3778289983
15294.0000000000,0.5458509645
15295.0000000000,0.5652515647
15296.0000000000,0.4228344198
15297.0000000000,0.2642291168
15298.0000000000,0.4969076369
15299.0000000000,0.0639153986
15300.0000000000,0.4389947430
15301.0000000000,0.2283946402
15302.0000000000,0.6138838390
15303.0000000000,0.2169158769
15304.0000000000,0.5800834549
15305.0000000000,0.0462718056
15306.0000000000,0.4069150279
15307.0000000000,0.0797676755
15308.0000000000,0.1157008584
15309.0000000000,0.1157028397
15310.0000000000,0.1551868727
15311.0000000000,0.4016966218
15312.0000000000,0.0768707896
15313.0000000000,0.1667333815
15314.0000000000,0.2611485604
15315.0000000000,0.2777181690
15316.0000000000,0.4210447485
15317.0000000000,0.5585621383
15318.0000000000,0.2696587267
15319.0000000000,0.2392793884
15320.0000000000,0.2386932430
15321.0000000000,0.3284902741
15322.0000000000,0.5228056732
15323.0000000000,0.6962231813
15324.0000000000,0.2353194084
15325.0000000000,0.4198956184
15326.0000000000,0.0683686628
15327.0000000000,0.2421585236
15328.0000000000,0.5844881217
15329.0000000000,0.1387838381
15330.0000000000,0.1810626382
15331.0000000000,0.1265059420
15332.0000000000,0.2071697218
15333.0000000000,0.2506952862
15334.0000000000,0.1589934903
15335.0000000000,0.3278238111
15336.0000000000,0.8134996056
15337.0000000000,0.2035532728
15338.0000000000,0.2998655900
15339.0000000000,0.1368922768
15340.0000000000,0.6787046324
15341.0000000000,0.3215997791
15342.0000000000,0.0840247454
15343.0000000000,0.2344810598
15344.0000000000,0.4321759534
15345.0000000000,0.2192021523
15346.0000000000,0.6620841330
15347.0000000000,0.3477039262
15348.0000000000,0.5445434091
15349.0000000000,0.0578290506
15350.0000000000,0.3211733915
15351.0000000000,0.1477160110
15352.0000000000,0.2844442459
15353.0000000000,0.2314012259
15354.0000000000,0.3475516029
15355.0000000000,0.2488267970
15356.0000000000,0.4253669014
15357.0000000000,0.7488551233
15358.0000000000,0.1354757199
15359.0000000000,0.0663252307
15360.0000000000,0.0778306950
15361.0000000000,0.1368240791
15362.0000000000,0.5454079369
15363.0000000000,0.3758066461
15364.0000000000,0.7362693950
15365.0000000000,0.3597353175
15366.0000000000,0.2220363315
15367.0000000000,0.6009037836
15368.0000000000,0.0461084802
15369.0000000000,0.1763054208
15370.0000000000,0.3049730927
15371.0000000000,0.1340299353
15372.0000000000,0.0725608739
15373.0000000000,0.2974552983
15374.0000000000,0.1281336899
15375.0000000000,0.1443329676
15376.0000000000,0.2593625982
15377.0000000000,0.0341861358
15378.0000000000,0.1627067627
15379.0000000000,0.4355415875
15380.0000000000,0.2532687280
15381.0000000000,0.1620058446
15382.0000000000,0.3980013635
15383.0000000000,0.1221491268
15384.0000000000,0.2560761652
15385.0000000000,0.4233675486
15386.0000000000,0.3122994710
15387.0000000000,0.1551627129
15388.0000000000,0.3353090399
15389.0000000000,0.0978068418
15390.0000000000,0.1529259441
15391.0000000000,0.3100394133
15392.0000000000,0.4909031238
15393.0000000000,0.4855126065
15394.0000000000,0.1088235840
15395.0000000000,0.2845390034
15396.0000000000,0.5283044069
15397.0000000000,0.4752205208
15398.0000000000,0.1474963475
15399.0000000000,0.4466062232
15400.0000000000,0.2233661678
15401.0000000000,0.3818811160
15402.0000000000,0.3824160984
15403.0000000000,0.5107414147
15404.0000000000,0.1996601915
15405.0000000000,0.2035226628
15406.0000000000,0.2467737270
15407.0000000000,0.0865348381
15408.0000000000,0.4654860649
15409.0000000000,0.1989732457
15410.0000000000,0.0590510081
15411.0000000000,0.6887535909
15412.0000000000,0.2216352208
15413.0000000000,0.4498953559
15414.0000000000,0.2368932970
15415.0000000000,0.2550385473
15416.0000000000,0.3494626002
15417.0000000000,0.3184945462
15418.0000000000,0.1660485712
15419.0000000000,0.2765955479
15420.0000000000,0.4166756373
15421.0000000000,0.2550419754
15422.0000000000,0.1431043736
15423.0000000000,0.1495898079
15424.0000000000,0.5331744546
15425.0000000000,0.5398677954
15426.0000000000,0.1922540150
15427.0000000000,0.4723930293
15428.0000000000,0.1178110363
15429.0000000000,0.1683701015
15430.0000000000,0.3143249558
15431.0000000000,0.6332879509
15432.0000000000,0.1413979124
15433.0000000000,0.1133559674
15434.0000000000,0.2357677424
15435.0000000000,0.1165220688
15436.0000000000,0.1918462791
15437.0000000000,0.0381057986
15438.0000000000,0.7206595547
15439.0000000000,0.0443528958
15440.0000000000,0.0926409465
15441.0000000000,0.2779059836
15442.0000000000,0.1069682752
15443.0000000000,0.1300733494
15444.0000000000,0.1939901366
15445.0000000000,0.1398019196
15446.0000000000,0.1219173165
15447.0000000000,0.6616601611
15448.0000000000,0.1914310190
15449.0000000000,0.7307166276
15450.0000000000,0.1561840695
15451.0000000000,0.1209801712
15452.0000000000,0.1729010996
15453.0000000000,0.3045380434
15454.0000000000,0.0377544874
15455.0000000000,0.5159090102
15456.0000000000,0.3558466693
15457.0000000000,0.1536229281
15458.0000000000,0.4964453609
15459.0000000000,0.2064706328
15460.0000000000,0.1410501089
15461.0000000000,0.3512041299
15462.0000000000,0.3657933793
15463.0000000000,0.2221934030
15464.0000000000,0.1167559832
15465.0000000000,0.3254335370
15466.0000000000,0.2653701043
15467.0000000000,0.5453929221
15468.0000000000,0.3206461871
15469.0000000000,0.3326925434
15470.0000000000,0.1619676536
15471.0000000000,0.2028173058
15472.0000000000,0.7056204396
15473.0000000000,0.1736350886
15474.0000000000,0.3599969251
15475.0000000000,0.2213633471
15476.0000000000,0.1220390180
15477.0000000000,0.2696110771
15478.0000000000,0.2779644621
15479.0000000000,0.4148464966
15480.0000000000,0.3012738046
15481.0000000000,0.5273573100
15482.0000000000,0.1545232620
15483.0000000000,0.0804899754
15484.0000000000,0.1211773892
15485.0000000000,0.4986772625
15486.0000000000,0.2985548607
15487.0000000000,0.2583974007
15488.0000000000,0.5329551173
15489.0000000000,0.1207945740
15490.0000000000,0.3742159376
15491.0000000000,0.7148379993
15492.0000000000,0.3271358379
15493.0000000000,0.6775656493
15494.0000000000,0.2721578069
15495.0000000000,0.2601721870
15496.0000000000,0.0983328009
15497.0000000000,0.8097163401
15498.0000000000,0.5051964959
15499.0000000000,0.0924008274
15500.0000000000,0.5447462938
15501.0000000000,0.1163789583
15502.0000000000,0.0934701041
15503.0000000000,0.4807833305
15504.0000000000,0.3913722170
15505.0000000000,0.2271200838
15506.0000000000,0.2944216886
15507.0000000000,0.0479990632
15508.0000000000,0.2960485944
15509.0000000000,0.2418946069
15510.0000000000,0.0744707244
15511.0000000000,0.1604840432
15512.0000000000,0.2014263739
15513.0000000000,0.3842358299
15514.0000000000,0.0742013481
15515.0000000000,0.3018842924
15516.0000000000,0.1345371398
15517.0000000000,0.3572139802
15518.0000000000,0.1897442959
15519.0000000000,0.0232551399
15520.0000000000,0.1571157488
15521.0000000000,0.7186042890
15522.0000000000,0.1189225383
15523.0000000000,0.1944902798
15524.0000000000,0.2732086654
15525.0000000000,0.6253380010
15526.0000000000,0.5592740743
15527.0000000000,0.6114750533
15528.0000000000,0.6533135862
15529.0000000000,0.0760509144
15530.0000000000,0.2094269605
15531.0000000000,0.3690116634
15532.0000000000,0.2470193024
15533.0000000000,0.1457648430
15534.0000000000,0.7610469152
15535.0000000000,0.2206573316
15536.0000000000,0.3452296445
15537.0000000000,0.1410950217
15538.0000000000,0.2250244949
15539.0000000000,0.6226743405
15540.0000000000,0.2815684746
15541.0000000000,0.2424358616
15542.0000000000,0.5159112511
15543.0000000000,0.2956756508
15544.0000000000,0.2052638975
15545.0000000000,0.1891685064
15546.0000000000,0.2033505409
15547.0000000000,0.6148305961
15548.0000000000,0.3088820852
15549.0000000000,0.4112997219
15550.0000000000,0.3022449011
15551.0000000000,0.3583935875
15552.0000000000,0.1863911458
15553.0000000000,0.3884197001
15554.0000000000,0.1473351359
15555.0000000000,0.3729311567
15556.0000000000,0.3762211459
15557.0000000000,0.2954642952
15558.0000000000,0.1628126498
15559.0000000000,0.2898499453
15560.0000000000,0.1201110456
15561.0000000000,0.2901098496
15562.0000000000,0.3543149605
15563.0000000000,0.1300094912
15564.0000000000,0.2855127186
15565.0000000000,0.4943437172
15566.0000000000,0.1563305104
15567.0000000000,0.4285982790
15568.0000000000,0.4880815262
15569.0000000000,0.1318977358
15570.0000000000,0.1412412289
15571.0000000000,0.4902397906
15572.0000000000,0.2055179522
15573.0000000000,0.2057922453
15574.0000000000,0.0886758170
15575.0000000000,0.1318061325
15576.0000000000,0.1861128336
15577.0000000000,0.3094301810
15578.0000000000,0.2490749119
15579.0000000000,0.3791756107
15580.0000000000,0.1065391340
15581.0000000000,0.2256372226
15582.0000000000,0.0570396857
15583.0000000000,0.2293990136
15584.0000000000,0.5199563804
15585.0000000000,0.0648573837
15586.0000000000,0.5488223813
15587.0000000000,0.3272803089
15588.0000000000,0.0822262887
15589.0000000000,0.5295428803
15590.0000000000,0.7537841309
15591.0000000000,0.3245325423
15592.0000000000,0.4601433334
15593.0000000000,0.0760102123
15594.0000000000,0.0686096653
15595.0000000000,0.1977144885
15596.0000000000,0.2586085661
15597.0000000000,0.3203295615
15598.0000000000,0.5050930186
15599.0000000000,0.2272694826
15600.0000000000,0.5827095368
15601.0000000000,0.1528414543
15602.0000000000,0.1519348146
15603.0000000000,0.3165056190
15604.0000000000,0.1498998937
15605.0000000000,0.1516028808
15606.0000000000,0.4070474961
15607.0000000000,0.5352864991
15608.0000000000,0.4403127072
15609.0000000000,0.1578466673
15610.0000000000,0.1727079491
15611.0000000000,0.0491222883
15612.0000000000,0.6910055538
15613.0000000000,0.7757236153
15614.0000000000,0.7722851811
15615.0000000000,0.3987105757
15616.0000000000,0.5217211702
15617.0000000000,0.1486748675
15618.0000000000,0.1913767205
15619.0000000000,0.1262514885
15620.0000000000,0.2039520046
15621.0000000000,0.3728249643
15622.0000000000,0.3909759464
15623.0000000000,0.0557148144
15624.0000000000,0.8799225430
15625.0000000000,0.1184394153
15626.0000000000,0.5202260684
15627.0000000000,0.5780707857
15628.0000000000,0.2735917291
15629.0000000000,0.2233403782
15630.0000000000,0.7295341467
15631.0000000000,0.0488713801
15632.0000000000,0.2447811021
15633.0000000000,0.2281955773
15634.0000000000,0.1589232802
15635.0000000000,0.2738559716
15636.0000000000,0.1679026676
15637.0000000000,0.6713829685
15638.0000000000,0.0860567129
15639.0000000000,0.7513467724
15640.0000000000,0.1717826097
15641.0000000000,0.2927786429
15642.0000000000,0.3533173657
15643.0000000000,0.0900452680
15644.0000000000,0.5344003383
15645.0000000000,0.2722898607
15646.0000000000,0.2850740884
15647.0000000000,0.4175088347
15648.0000000000,0.0652584052
15649.0000000000,0.4918325884
15650.0000000000,0.1074188794
15651.0000000000,0.1738648900
15652.0000000000,0.1085717697
15653.0000000000,0.0742777188
15654.0000000000,0.3833756158
15655.0000000000,0.1754396862
15656.0000000000,0.2182349047
15657.0000000000,0.2765350720
15658.0000000000,0.1853924932
15659.0000000000,0.4129793148
15660.0000000000,0.1480783327
15661.0000000000,0.1055870491
15662.0000000000,0.3480492216
15663.0000000000,0.1744468353
15664.0000000000,0.1641477018
15665.0000000000,0.3526398184
15666.0000000000,0.3806472564
15667.0000000000,0.5664952331
15668.0000000000,0.8263682569
15669.0000000000,0.6133561771
15670.0000000000,0.2774761027
15671.0000000000,0.3037021768
15672.0000000000,0.0966055821
15673.0000000000,0.2382892503
15674.0000000000,0.4481375367
15675.0000000000,0.6708445276
15676.0000000000,0.3026565143
15677.0000000000,0.3644880707
15678.0000000000,0.1513371437
15679.0000000000,0.5270907645
15680.0000000000,0.1220828864
15681.0000000000,0.3218474327
15682.0000000000,0.0881305309
15683.0000000000,0.5375812425
15684.0000000000,0.4534988543
15685.0000000000,0.2211458021
15686.0000000000,0.2862190549
15687.0000000000,0.2579651422
15688.0000000000,0.2258993647
15689.0000000000,0.2796881054
15690.0000000000,0.2913394182
15691.0000000000,0.5358712084
15692.0000000000,0.1131923022
15693.0000000000,0.0889558921
15694.0000000000,0.4057362343
15695.0000000000,0.0703683627
15696.0000000000,0.2247198858
15697.0000000000,0.0414542283
15698.0000000000,0.2164302338
15699.0000000000,0.2138025543
15700.0000000000,0.3290735204
15701.0000000000,0.1633102632
15702.0000000000,0.1141223404
15703.0000000000,0.0912550449
15704.0000000000,0.0681746659
15705.0000000000,0.2588188268
15706.0000000000,0.1385039851
15707.0000000000,0.1829002589
15708.0000000000,0.2914551452
15709.0000000000,0.2105629178
15710.0000000000,0.2841637812
15711.0000000000,0.3899333643
15712.0000000000,0.2130839885
15713.0000000000,0.2527793835
15714.0000000000,0.3756131896
15715.0000000000,0.5789481160
15716.0000000000,0.6018204313
15717.0000000000,0.1585642662
15718.0000000000,0.6273244121
15719.0000000000,0.1285494222
15720.0000000000,0.5038169672
15721.0000000000,0.1547236312
15722.0000000000,0.3986857588
15723.0000000000,0.2623448789
15724.0000000000,0.1449621238
15725.0000000000,0.3021706428
15726.0000000000,0.1259910765
15727.0000000000,0.1905060461
15728.0000000000,0.9109373115
15729.0000000000,0.0567019488
15730.0000000000,0.5729522849
15731.0000000000,0.4376887441
15732.0000000000,0.2992096900
15733.0000000000,0.1687955830
15734.0000000000,0.3548328697
15735.0000000000,0.3202133710
15736.0000000000,0.0533090947
15737.0000000000,0.2850174695
15738.0000000000,0.1758042939
15739.0000000000,0.1711254358
15740.0000000000,0.0667590562
15741.0000000000,0.2380266182
15742.0000000000,0.2908058891
15743.0000000000,0.1687239485
15744.0000000000,0.3116705071
15745.0000000000,0.2277878467
15746.0000000000,0.1824389566
15747.0000000000,0.4586735557
15748.0000000000,0.1265283315
15749.0000000000,0.2072957007
15750.0000000000,0.0742786827
15751.0000000000,0.3936639854
15752.0000000000,0.3286592493
15753.0000000000,0.4449692149
15754.0000000000,0.5130203528
15755.0000000000,0.1674344675
15756.0000000000,0.1583071452
15757.0000000000,0.0738901015
15758.0000000000,0.3908645396
15759.0000000000,0.1207013620
15760.0000000000,0.3556397257
15761.0000000000,0.4237348313
15762.0000000000,0.4276660474
15763.0000000000,0.2044631409
15764.0000000000,0.0775527644
15765.0000000000,0.0446404208
15766.0000000000,0.1033201816
15767.0000000000,0.3335283533
15768.0000000000,0.3728237887
15769.0000000000,0.1618543725
15770.0000000000,0.2631214447
15771.0000000000,0.1384380189
15772.0000000000,0.2982113779
15773.0000000000,0.6581311698
15774.0000000000,0.1312158917
15775.0000000000,0.1845213676
15776.0000000000,0.3701155689
15777.0000000000,0.4632107325
15778.0000000000,0.0670520599
15779.0000000000,0.1506577505
15780.0000000000,0.4437699138
15781.0000000000,0.3578023229
15782.0000000000,0.3105551212
15783.0000000000,0.0844904598
15784.0000000000,0.3246494662
15785.0000000000,0.2943616164
15786.0000000000,0.2807107131
15787.0000000000,0.3516992045
15788.0000000000,0.4940024990
15789.0000000000,0.3942487348
15790.0000000000,0.1164539075
15791.0000000000,0.3175006335
15792.0000000000,0.1889971605
15793.0000000000,0.1959850776
15794.0000000000,0.3605789989
15795.0000000000,0.3856035996
15796.0000000000,0.1951829340
15797.0000000000,0.7398652445
15798.0000000000,0.5468718545
15799.0000000000,0.1311361160
15800.0000000000,0.1057806380
15801.0000000000,0.1289825721
15802.0000000000,0.1708413034
15803.0000000000,0.4343799594
15804.0000000000,0.6267097905
15805.0000000000,0.2782276380
15806.0000000000,0.6970508419
15807.0000000000,0.7592082886
15808.0000000000,0.4161870885
15809.0000000000,0.4886633977
15810.0000000000,0.4517248892
15811.0000000000,0.3446097108
15812.0000000000,0.2467425380
15813.0000000000,0.4713683072
15814.0000000000,0.2639737035
15815.0000000000,0.0410381240
15816.0000000000,0.3191024654
15817.0000000000,0.2498018553
15818.0000000000,0.1416405122
15819.0000000000,0.4504731781
15820.0000000000,0.4121083040
15821.0000000000,0.1636691979
15822.0000000000,0.2832018521
15823.0000000000,0.2220247388
15824.0000000000,0.2725495634
15825.0000000000,0.3235737677
15826.0000000000,0.0664330760
15827.0000000000,0.1980577137
15828.0000000000,0.1809467468
15829.0000000000,0.1247008156
15830.0000000000,0.0658923946
15831.0000000000,0.5068255107
15832.0000000000,0.2601372328
15833.0000000000,0.3085873848
15834.0000000000,0.5373819221
15835.0000000000,0.1511198134
15836.0000000000,0.3482153875
15837.0000000000,0.3189985222
15838.0000000000,0.3226194489
15839.0000000000,0.1524955752
15840.0000000000,0.1456111732
15841.0000000000,0.1733579862
15842.0000000000,0.7506623022
15843.0000000000,0.2023340852
15844.0000000000,0.1110320104
15845.0000000000,0.4715448418
15846.0000000000,0.8921606427
15847.0000000000,0.2418997799
15848.0000000000,0.1624002924
15849.0000000000,0.1987620814
15850.0000000000,0.4148453585
15851.0000000000,0.2553900809
15852.0000000000,0.3012777421
15853.0000000000,0.6283886279
15854.0000000000,0.2840960608
15855.0000000000,0.5866273648
15856.0000000000,0.6424543462
15857.0000000000,0.3710240778
15858.0000000000,0.1832279806
15859.0000000000,0.3644463268
15860.0000000000,0.1125174806
15861.0000000000,0.5664208287
15862.0000000000,0.1656435186
15863.0000000000,0.0932841146
15864.0000000000,0.1793969735
15865.0000000000,0.3429752006
15866.0000000000,0.1802445885
15867.0000000000,0.5102258666
15868.0000000000,0.3898409343
15869.0000000000,0.2283084453
15870.0000000000,0.0780135085
15871.0000000000,0.1038759164
15872.0000000000,0.3843739066
15873.0000000000,0.3993981463
15874.0000000000,0.3782511454
15875.0000000000,0.5925745562
15876.0000000000,0.2289048066
15877.0000000000,0.1218653996
15878.0000000000,0.1404602905
15879.0000000000,0.2862047541
15880.0000000000,0.2431790691
15881.0000000000,0.1533994486
15882.0000000000,0.1564400717
15883.0000000000,0.3469439897
15884.0000000000,0.0690185574
15885.0000000000,0.1816103799
15886.0000000000,0.8310002249
15887.0000000000,0.6542693303
15888.0000000000,0.2020421250
15889.0000000000,0.6014616972
15890.0000000000,0.7429995706
15891.0000000000,0.5038894756
15892.0000000000,0.1933232315
15893.0000000000,0.4230258913
15894.0000000000,0.2926034739
15895.0000000000,0.2038451005
15896.0000000000,0.0601570113
15897.0000000000,0.3445866119
15898.0000000000,0.3649585454
15899.0000000000,0.5355644130
15900.0000000000,0.0436218462
15901.0000000000,0.4280220534
15902.0000000000,0.1192786542
15903.0000000000,0.1141737058
15904.0000000000,0.1385742259
15905.0000000000,0.6388113079
15906.0000000000,0.5086336364
15907.0000000000,0.0609483110
15908.0000000000,0.2811566561
15909.0000000000,0.2482277976
15910.0000000000,0.4900379722
15911.0000000000,0.1175696332
15912.0000000000,0.2092653384
15913.0000000000,0.0984580199
15914.0000000000,0.4442925459
15915.0000000000,0.1997810108
15916.0000000000,0.2134541311
15917.0000000000,0.1312656929
15918.0000000000,0.1694839579
15919.0000000000,0.4244340621
15920.0000000000,0.5074575693
15921.0000000000,0.2532207830
15922.0000000000,0.3139099750
15923.0000000000,0.2957995564
15924.0000000000,0.1380990947
15925.0000000000,0.3857953340
15926.0000000000,0.0487660640
15927.0000000000,0.1573342825
15928.0000000000,0.2038810841
15929.0000000000,0.2254632830
15930.0000000000,0.2063666037
15931.0000000000,0.2948804003
15932.0000000000,0.1168907427
15933.0000000000,0.1277715739
15934.0000000000,0.1874727715
15935.0000000000,0.0970439959
15936.0000000000,0.1608640654
15937.0000000000,0.5567321699
15938.0000000000,0.1245096535
15939.0000000000,0.0754964773
15940.0000000000,0.4598233402
15941.0000000000,0.7143005447
15942.0000000000,0.1546516252
15943.0000000000,0.1978017428
15944.0000000000,0.5620403247
15945.0000000000,0.1533054008
15946.0000000000,0.4818284902
15947.0000000000,0.1817208570
15948.0000000000,0.2715568490
15949.0000000000,0.0750913578
15950.0000000000,0.3321781626
15951.0000000000,0.1708380278
15952.0000000000,0.2275388439
15953.0000000000,0.1138489323
15954.0000000000,0.2818730807
15955.0000000000,0.2310171631
15956.0000000000,0.1767409262
15957.0000000000,0.1675602678
15958.0000000000,0.2244598514
15959.0000000000,0.1308308206
15960.0000000000,0.5131142327
15961.0000000000,0.1992826846
15962.0000000000,0.1156730150
15963.0000000000,0.3079406830
15964.0000000000,0.3513832010
15965.0000000000,0.4252259685
15966.0000000000,0.6156874399
15967.0000000000,0.2126319793
15968.0000000000,0.3113933732
15969.0000000000,0.0918070608
15970.0000000000,0.3558799018
15971.0000000000,0.1892427456
15972.0000000000,0.4304346327
15973.0000000000,0.2090584450
15974.0000000000,0.7491504263
15975.0000000000,0.2109745012
15976.0000000000,0.1393962222
15977.0000000000,0.2326464358
15978.0000000000,0.3057145386
15979.0000000000,0.1855508162
15980.0000000000,0.5093730429
15981.0000000000,0.2853340182
15982.0000000000,0.0712370511
15983.0000000000,0.5024543761
15984.0000000000,0.4095065622
15985.0000000000,0.5273247234
15986.0000000000,0.4160628719
15987.0000000000,0.1166248741
15988.0000000000,0.4299008015
15989.0000000000,0.1870881753
15990.0000000000,0.5713905778
15991.0000000000,0.8063291415
15992.0000000000,0.2830859984
15993.0000000000,0.1306253674
15994.0000000000,0.2118841222
15995.0000000000,0.1796865942
15996.0000000000,0.5902723506
15997.0000000000,0.2644829377
15998.0000000000,0.1059905883
15999.0000000000,0.3265519805
